60 30
f 16 4 0.0564
r 30 -7 12 8 0.0462
r 0 16 48 1 0.1631
p -8 -29 0.6078
f -4 1 0.1867
r -42 -13 44 24 0.0346
l 40 -23 2 -29 0.2630
f -1 -13 0.0539
f 48 14 0.0777
r -26 -6 33 28 0.5717
p 38 -9 0.5423
f -26 4 0.7349
l -13 18 -16 13 0.7360
l 18 -17 8 -11 0.5609
l -44 -23 -17 -7 0.7206
l 59 -9 -48 24 0.4036
l -37 -29 18 25 0.9817
p 37 -3 0.3898
f 26 21 0.3135
l -2 -14 -39 26 0.4679
r 41 -12 35 24 0.4819
l 1 27 16 6 0.9096
f 19 -12 0.6415
r -28 25 52 23 0.3739
p -40 19 0.4876
r -19 28 22 22 0.3692
f -21 -22 0.2512
p 54 -11 0.8464
l -48 17 -20 -22 0.4027
r -17 -23 18 26 0.0032
r 31 11 14 20 0.6950
r -48 -26 24 15 0.5348
l -34 -22 -42 -2 0.3464
r -31 9 19 4 0.7314
l 20 -19 -14 12 0.6181
f -20 -24 0.6609
r 35 -8 28 14 0.9941
l 1 -6 -5 8 0.5520
r 28 -11 12 25 0.3061
p 48 25 0.5472
r 9 10 27 11 0.3739
r 42 -7 56 26 0.1250
f 39 12 0.6058
p 6 24 0.3910
f -58 -26 0.7288
f -51 14 0.5088
l -42 24 -49 1 0.9269
r 26 -13 27 13 0.1269
r -1 -15 1 15 0.2794
l 23 -6 -56 20 0.7473
r -45 -20 0 14 0.3868
p 39 -15 0.8955
p 49 -24 0.4481
r -22 24 40 11 0.0602
l -35 4 -25 -24 0.9900
f -46 -8 0.3883
l -18 -16 27 -18 0.6081
f -41 12 0.2217
p 9 23 0.2253
l -42 -8 5 -17 0.2683
p 31 -2 0.7073
l -29 -27 -44 -18 0.5376
f 6 13 0.4703
l -5 -29 2 17 0.6272
r 26 25 56 5 0.9871
p 16 25 0.9147
l -14 19 9 -29 0.3470
f 31 -27 0.5634
r -8 29 30 19 0.2754
f -19 8 0.9397
f -51 19 0.9836
p -46 22 0.9035
p -56 2 0.3722
l -45 20 -51 -22 0.1758
p -53 27 0.9250
r -52 -23 18 25 0.2715
p 6 -13 0.8910
r -8 13 7 23 0.2871
p 36 -2 0.0312
p 47 13 0.0964
p 37 7 0.6877
f -36 3 0.9286
r -26 -25 14 29 0.6359
p -18 11 0.2778
p -45 24 0.1234
p -27 19 0.9472
p 55 29 0.7767
p 59 4 0.0517
f 33 -6 0.9157
r -24 -22 19 20 0.3448
l 42 23 -21 13 0.5385
r -59 27 26 16 0.2924
l 25 -19 -1 15 0.0741
l -40 13 3 6 0.2331
l -10 11 0 5 0.3943
r 44 7 19 21 0.8725
f -42 11 0.1705
r -44 15 37 3 0.6998
l -30 -28 -1 14 0.6109
l 59 -9 -24 -17 0.2439
r -37 25 32 16 0.2104
r -15 -10 44 24 0.9449
r 27 -18 57 7 0.2592
p 3 -25 0.0247
r 8 25 6 11 0.6639
r 52 4 44 9 0.9462
r -26 24 28 3 0.3985
p -11 12 0.5860
p 58 -18 0.2230
p 42 21 0.9695
l 42 -17 30 25 0.9753
l -34 9 57 -20 0.0013
p 37 -24 0.1769
r 32 -14 14 18 0.6456
f 34 1 0.8852
l -18 -26 -12 -4 0.7207
f 3 0 0.5489
p 7 -20 0.5929
r 9 -13 31 23 0.7896
f 11 15 0.7296
f 54 21 0.6967
p -38 3 0.0104
r 25 -20 45 2 0.8783
p -2 8 0.7235
r -51 -19 54 16 0.9044
r -47 -11 39 18 0.8653
f 30 -26 0.3757
l 58 3 -23 -23 0.6911
p -38 25 0.0044
r -3 -23 18 3 0.9450
r -11 16 43 3 0.4642
l 21 16 12 27 0.7411
f 26 3 0.8868
r 19 -22 56 17 0.9302
p 56 11 0.9981
p -9 -15 0.1641
r -39 -10 31 15 0.2583
p 2 -27 0.9893
p -45 -10 0.8659
p -36 0 0.3917
f -8 25 0.8597
p 17 25 0.4472
r -57 9 39 5 0.5485
p 45 -27 0.8345
f 0 3 0.5559
p -34 -24 0.9796
r -27 -10 15 5 0.4218
f 43 13 0.3848
f 12 22 0.0021
r 7 27 56 7 0.5000
p -8 28 0.0519
l -59 28 38 17 0.4989
l 7 -21 -55 -9 0.1262
r -2 -2 47 25 0.7587
l -1 -25 -4 -28 0.2588
l 51 28 -21 10 0.3406
r 34 10 11 5 0.8632
r 30 -4 3 22 0.0120
r 22 9 17 23 0.5237
p -55 -17 0.4520
r -13 18 58 6 0.1947
f 50 -4 0.5090
f -1 3 0.5889
r -32 23 52 3 0.3317
p 0 11 0.4227
p -3 14 0.0980
f -8 -15 0.2306
l 3 11 -23 13 0.0133
f -40 11 0.0755
p -26 -3 0.2778
f 46 -20 0.2728
l 18 -26 15 -22 0.1197
f -1 0 0.8574
l 30 26 -26 -16 0.1093
f -44 12 0.9686
l -47 -4 -51 4 0.7327
l -38 -1 -33 -28 0.4096
r 21 -18 2 13 0.4597
p 30 3 0.3276
f -54 24 0.3770
p -18 21 0.5806
r -51 -4 2 8 0.7927
r -44 2 56 2 0.2373
l 21 27 15 -9 0.3569
p -56 17 0.7284
r 55 29 11 4 0.3752
l 32 -16 47 13 0.1860
f 23 -26 0.2471
f 48 -9 0.8753
r -58 -20 21 1 0.2105
l -42 28 59 -29 0.4527
p 55 -19 0.2618
p -2 -20 0.3444
l -37 -25 21 28 0.6361
f 40 -25 0.3637
r 59 7 5 10 0.4145
l 30 10 -26 10 0.9640
r -34 7 40 5 0.9014
f -56 -3 0.7380
f 0 -23 0.5125
f -16 1 0.8300
l -24 -2 -56 0 0.6596
r 18 28 52 12 0.7292
l -51 13 -34 -8 0.7899
f 52 28 0.4070
f -32 12 0.9540
r 52 0 40 22 0.9143
f 16 -4 0.2756
f 59 -22 0.5298
l -13 1 53 20 0.1643
l 47 3 22 14 0.2647
l 26 22 -16 -19 0.3898
p -41 -1 0.7492
r -4 -19 10 29 0.5703
l 42 27 -59 -19 0.2633
r 21 -10 31 12 0.8525
l 48 -25 43 -5 0.4042
r 9 -25 23 22 0.2894
l -37 -4 38 -13 0.4519
r 33 12 7 29 0.2049
l 1 29 -21 -6 0.3775
f 20 -7 0.9548
p 44 -12 0.1427
r -48 20 42 21 0.0574
f -15 11 0.2026
r 0 1 50 3 0.4941
p -4 -14 0.1675
l -29 12 -29 6 0.3205
f -35 7 0.6917
p -2 22 0.1132
p -36 -8 0.8759
p -27 14 0.5806
l 35 26 -54 -18 0.2461
r 40 29 45 5 0.0178
f 33 -12 0.6140
r 55 -5 44 28 0.9499
p 5 -22 0.6457
r -14 16 52 13 0.5932
f -21 -5 0.3058
p 41 -29 0.2379
l -47 -1 30 2 0.3398
l -14 -24 27 -15 0.6991
f -28 -24 0.3157
p -16 -16 0.1773
l 32 17 -38 20 0.8734
f -14 25 0.6126
p 58 15 0.2952
p -13 7 0.3719
f -45 5 0.0908
r 57 26 19 17 0.4746
l 38 18 -2 4 0.4489
f -2 11 0.7790
f 10 -28 0.8675
r 38 15 35 10 0.7549
l -35 -12 -3 19 0.6797
f -33 11 0.1734
p 36 12 0.2712
p -1 -14 0.7799
r 7 29 25 9 0.6454
l 18 -21 -13 1 0.5334
r -49 -15 57 0 0.3823
f 24 -3 0.8468
f 32 -5 0.7771
f 20 20 0.8093
f -56 -16 0.2681
f 42 -5 0.9173
l -41 7 -18 21 0.9927
f -26 -27 0.5794
p -31 -16 0.4174
l 17 -17 -18 29 0.9501
p -24 7 0.6791
f 22 9 0.4007
l 20 2 -2 -24 0.7467
l -39 -22 41 18 0.4680
r 18 19 21 8 0.6554
l 58 3 38 3 0.8375
p 43 2 0.5694
p -43 -14 0.7015
p 38 -27 0.1956
f 38 -28 0.4883
p -5 18 0.8088
f 38 19 0.3601
r -50 12 28 25 0.5159
r 5 2 46 27 0.3282
r -39 13 4 28 0.4845
r 29 24 27 29 0.3975
p 45 -9 0.0147
l 57 5 12 -14 0.3182
p -20 21 0.9681
f 13 -16 0.5730
r -27 6 5 15 0.3827
l 45 6 -42 0 0.4862
l -16 -7 -42 20 0.8162
p 32 -11 0.9647
l -5 -3 44 -2 0.6256
l -53 18 -45 2 0.1708
r -28 4 37 3 0.9937
l -40 -9 47 1 0.9778
r 58 -29 35 19 0.1684
l 26 11 -32 -22 0.0960
l -25 0 55 -16 0.4499
f -41 -5 0.7833
f 5 -13 0.1415
p -20 -5 0.9995
l -49 10 -51 28 0.6368
f 18 26 0.5791
f 21 -11 0.9402
p 49 -1 0.4492
p 40 0 0.7481
r -15 -27 24 3 0.4931
f 37 2 0.5825
p 6 18 0.3645
p -48 22 0.4576
f 48 23 0.0303
p -24 -22 0.8886
p 28 10 0.0276
f -31 -29 0.3588
f 53 -10 0.9959
l 32 19 35 -20 0.4867
l 24 -11 12 -24 0.9778
l 0 -24 30 24 0.3291
p 57 4 0.6539
f 2 -24 0.2874
r -48 -8 32 2 0.4102
l -59 -17 17 -6 0.0210
l 55 -13 1 15 0.2018
p -50 -13 0.3041
l 22 -3 -16 25 0.4365
p 39 -17 0.1846
f 18 29 0.5635
f 53 29 0.5047
f -4 -7 0.3070
p 49 29 0.4849
l 48 -29 58 14 0.3390
p 56 -25 0.5635
f 52 11 0.4032
f 47 18 0.2817
p -25 -25 0.4569
f 48 -1 0.8897
l -16 -4 35 -15 0.5207
p -58 -10 0.3811
p -17 17 0.1659
f -43 -19 0.5185
f -20 -17 0.6546
r 21 -7 48 16 0.2486
r -35 -19 54 26 0.3545
l 54 0 1 23 0.1108
l -2 -7 28 3 0.5818
r 9 21 32 12 0.6351
f 59 -17 0.9375
l 2 25 28 21 0.1906
f -44 21 0.5594
l 25 7 -56 29 0.1839
f 41 8 0.2727
r 38 19 8 11 0.1121
f 34 -13 0.0067
r -52 28 40 24 0.0694
f -53 -12 0.6350
l -1 -14 7 25 0.1542
l -7 -22 -27 -27 0.8151
f -59 -27 0.5057
l 30 16 17 -23 0.0402
r 36 10 19 0 0.2824
p 16 8 0.9262
l -11 1 4 -5 0.0491
l 54 -6 19 -18 0.6908
r -52 27 31 27 0.9865
l -22 9 -8 7 0.9994
l 1 -21 -36 -7 0.4797
f 42 20 0.8394
r 49 -13 5 14 0.6220
p -32 -19 0.3858
f -38 -1 0.5363
f 26 25 0.4979
p -16 14 0.2933
p 0 28 0.5242
l 10 7 3 3 0.7540
r -50 10 17 9 0.7153
p 56 8 0.2674
p 25 -5 0.6978
l -49 -29 29 -16 0.3885
r 7 16 25 15 0.8884
r 15 -24 45 0 0.8943
l 26 14 6 -8 0.9262
r -17 -8 44 19 0.0929
l 50 4 -39 -5 0.4289
f -15 -28 0.7851
r -50 7 12 26 0.1789
r 9 25 12 27 0.8480
l 49 -23 17 -24 0.7972
p 13 0 0.8097
l 20 11 -47 16 0.3415
r 31 29 22 4 0.7220
l -29 3 17 -16 0.9025
p -42 14 0.4903
l 6 12 -15 -15 0.9458
p -51 27 0.1373
f 7 9 0.4745
f -49 22 0.1376
f -39 -21 0.1470
f 50 -24 0.6206
r -14 -26 55 1 0.9838
f 58 6 0.7546
r 55 -9 38 28 0.9923
l -5 -1 16 -15 0.4297
r 44 -28 1 19 0.0732
f -10 -25 0.1066
r -33 -23 41 8 0.0634
l -7 -1 58 -7 0.2993
f 49 28 0.7317
r -3 -3 24 0 0.0365
l 58 -2 -59 -12 0.2037
f 25 5 0.2754
l -9 0 -23 0 0.7261
f 7 -8 0.4160
f 45 1 0.2380
r 21 3 42 10 0.1227
l 54 9 44 16 0.3154
p -12 -3 0.3071
r -33 22 48 28 0.7538
f -47 -17 0.1228
p 51 20 0.0235
p -29 23 0.8825
r -27 -14 11 26 0.1813
p 39 -6 0.9657
p -11 -8 0.1484
l 10 6 4 14 0.3538
f -24 18 0.0369
p 25 5 0.6947
f 29 23 0.0021
f 0 -18 0.6727
p 17 6 0.5961
l 47 -3 28 2 0.5413
l -54 -21 1 13 0.8180
r 54 -5 47 26 0.0376
f 43 6 0.1167
f -39 -6 0.9164
p 4 -26 0.3324
l 8 -11 -20 -21 0.2604
p 44 -5 0.8480
f 53 0 0.7902
l 14 -4 49 4 0.4014
l -41 5 -21 -12 0.5485
r 26 -8 21 6 0.4974
f -44 24 0.0627
p 49 -17 0.9481
r 30 -7 15 28 0.6579
f -4 -19 0.7635
l -9 -26 24 28 0.5921
f 14 -7 0.4391
p 46 -3 0.0261
f -36 -16 0.3386
l -22 14 35 -24 0.9437
l -33 26 -59 -15 0.8138
l 45 -12 -39 8 0.4758
l 12 12 -32 -7 0.0605
l -43 9 8 -3 0.0510
f -49 3 0.5331
l -50 -22 -24 23 0.0718
p -56 16 0.2890
l -17 -3 -44 -19 0.7263
r 8 -5 27 23 0.8960
p -5 29 0.1829
l -59 6 1 10 0.8906
r 55 -10 58 12 0.8254
p -26 18 0.0247
r 34 -10 55 21 0.1664
f -7 -17 0.9213
f 29 4 0.0027
l 33 15 -51 24 0.3905
l 57 0 0 18 0.1201
r -1 19 31 2 0.5168
f -51 -15 0.3710
r 10 25 54 18 0.9579
p 5 -7 0.0554
r 11 -10 7 5 0.6900
l -36 -3 22 27 0.2535
p 55 16 0.2675
f 12 -29 0.8043
f 33 -20 0.0606
l -41 19 -22 -14 0.1870
l 48 18 -5 24 0.5898
r -50 25 44 7 0.1533
l 19 -1 53 -9 0.3327
f 12 22 0.9901
r 8 -24 16 29 0.1685
r 3 -18 15 5 0.8514
f 44 -26 0.2715
l -23 8 54 -14 0.6566
r 56 18 52 16 0.9379
l 7 -24 -58 6 0.0984
f 19 -19 0.3225
r 15 25 48 12 0.7892
r 11 24 19 24 0.9339
l -38 -6 8 6 0.9369
f -7 4 0.1204
p -40 12 0.8902
l 57 17 25 -18 0.4731
p 51 0 0.3866
r 30 29 26 23 0.4977
l 0 -23 -46 -21 0.5910
p -11 -29 0.7077
r -37 2 50 10 0.3277
p 31 7 0.5688
p -24 23 0.2481
l 36 -9 8 -17 0.5333
p -4 6 0.1813
f -15 28 0.0893
r -47 11 13 16 0.1236
p 55 -9 0.0483
f -54 -25 0.2999
l 54 -24 -47 -8 0.6709
l 15 -5 -23 16 0.7761
p -31 5 0.0869
p -4 -5 0.8100
l -25 27 58 16 0.0976
l -8 19 -54 27 0.8682
p -42 10 0.6705
r 42 19 28 7 0.0953
r 23 -16 4 17 0.8936
p 58 -14 0.8607
f -42 17 0.1557
p -19 1 0.3769
l 34 -28 -52 -15 0.4602
p -52 -21 0.7620
f -8 -17 0.3400
l -8 7 17 22 0.1197
p -22 -18 0.6849
f -4 0 0.4283
p 46 -23 0.9205
f 34 24 0.3170
f 38 16 0.3143
l 42 20 7 15 0.9078
f -15 -22 0.1757
f -43 0 0.1242
f -28 25 0.5258
r -4 -16 31 16 0.6910
f 54 -26 0.2135
l 54 -3 28 17 0.2552
r 56 25 53 1 0.6511
r 12 25 54 20 0.8079
f -3 -17 0.5152
p -10 -1 0.4455
p 44 19 0.2660
f -58 -1 0.0846
r -21 -10 50 5 0.1951
p 29 -4 0.0571
l -9 -13 -41 9 0.2838
p 41 11 0.8600
r -23 -22 39 17 0.7107
r -54 -14 52 12 0.0493
r 2 14 39 17 0.6670
r 32 -15 7 5 0.7517
r -37 25 37 11 0.1969
f 58 -25 0.2869
f 18 0 0.0112
f 45 -8 0.7263
r -2 4 17 16 0.6601
f 46 -22 0.6397
r -29 -29 20 20 0.6088
f -49 24 0.3352
p -36 12 0.1785
r 37 19 36 14 0.6633
p 55 -2 0.6265
f 35 9 0.7321
f -22 -10 0.7518
p 57 -28 0.9831
p 8 9 0.8429
p -15 27 0.6188
f 27 29 0.6352
l -34 20 -20 -21 0.2442
p -45 -3 0.3412
r 16 -5 46 7 0.4288
l 8 11 -28 -9 0.4929
f -55 -10 0.3894
l -8 -18 23 -21 0.9199
l 3 15 58 -9 0.9738
r 11 -29 28 7 0.0537
p -43 1 0.6992
r -51 -26 6 1 0.5993
r -18 -14 46 20 0.8455
l -32 3 48 -2 0.7264
l -1 14 37 15 0.1405
f -7 -20 0.5783
p -38 17 0.2549
f 12 6 0.9754
r -33 -5 28 0 0.9648
f 7 7 0.0606
f -2 -8 0.4288
r 50 -25 6 14 0.7924
p -2 26 0.2114
l 38 -19 -27 8 0.2718
f 27 -9 0.2698
l 3 10 44 -29 0.1217
f -24 -14 0.5077
p -24 4 0.9111
r -49 12 11 6 0.5147
p -45 24 0.1804
r 56 -9 18 20 0.0396
f 37 -1 0.1526
r -46 -22 29 21 0.4110
f -40 -12 0.7582
p -58 -14 0.7845
p 47 10 0.4579
p 25 21 0.8255
f 34 -18 0.9472
p -15 15 0.7322
l -25 29 0 -21 0.4691
l -51 25 -24 0 0.0123
p -6 -13 0.8265
p 40 -10 0.3093
r 45 -16 39 28 0.8668
l 5 -11 52 15 0.5523
p 43 21 0.9270
f 51 7 0.7971
r -25 -10 1 2 0.4582
l -19 26 -19 7 0.3704
f 49 9 0.3038
r -59 -20 40 9 0.0292
f 5 -27 0.2367
r -55 24 1 12 0.2556
p 9 1 0.3503
l -24 0 -3 15 0.1188
f -12 -8 0.9952
l 49 24 -32 1 0.5993
r -32 -22 14 5 0.0542
r -56 12 20 11 0.7367
f -43 0 0.7622
p 20 -17 0.9879
l 28 0 -54 25 0.8632
f -27 28 0.0003
r 0 3 24 26 0.5386
l -54 18 42 -2 0.9206
p 10 -21 0.3479
p -29 28 0.9091
l -22 -19 20 4 0.6022
f 6 -23 0.3134
l 46 -6 41 2 0.5689
f 54 -4 0.3908
l -29 -16 -47 -29 0.8746
l -45 13 59 -3 0.5847
r -28 26 23 5 0.1923
r 33 5 20 13 0.1684
f -34 -11 0.7036
r -19 26 53 14 0.1754
f -34 -23 0.0384
p -9 1 0.4677
l 2 -11 -11 -9 0.0047
l 10 12 -16 24 0.0403
p 41 21 0.5863
f 40 15 0.1343
f 13 15 0.5602
r -8 26 23 9 0.1925
f 19 24 0.9617
r -50 -2 1 8 0.5978
r 27 20 48 1 0.2025
p -10 9 0.6880
p -51 -6 0.3500
l -40 19 46 -28 0.0102
p -12 0 0.8580
l 36 19 44 -1 0.6948
f -19 7 0.2682
l -50 -5 -19 -8 0.4306
f -7 16 0.7939
f 11 19 0.7973
f -2 -18 0.7764
p 57 2 0.5333
p -7 23 0.0949
p 34 2 0.0424
r 44 -27 58 1 0.6876
p 4 8 0.4642
f -41 25 0.6022
l -17 9 -6 11 0.1360
r 0 0 51 5 0.9700
f 51 -28 0.1647
p -58 29 0.2936
r 2 -25 6 13 0.7337
f 44 6 0.8105
l -25 15 23 -18 0.5611
p 19 25 0.7398
r -50 15 48 29 0.4432
l -21 22 -2 2 0.4163
f 49 -18 0.8087
l -17 28 26 -5 0.2256
f 4 -28 0.1800
p 55 -15 0.8238
f 26 21 0.3782
p 45 -2 0.0248
p 57 6 0.4806
f 2 13 0.4199
p -18 -27 0.9891
r -6 -8 56 6 0.6070
l 50 1 -57 13 0.7831
l 57 5 -12 -1 0.9206
r 33 -16 46 26 0.5099
l -53 -17 -57 -3 0.7493
p 0 29 0.6674
p 3 11 0.7792
p -17 22 0.5245
p -12 -8 0.6429
f 34 -29 0.1375
l -45 -24 -13 -4 0.1768
r 17 0 12 20 0.9321
f -24 0 0.7000
r -21 24 32 27 0.3031
p 18 16 0.4491
l 13 -22 58 -5 0.5629
l -4 19 44 28 0.1279
p 55 -23 0.0911
p 57 -13 0.8548
f -41 4 0.2277
f 3 -7 0.6216
p -45 -29 0.3614
p -8 -21 0.6424
f 20 -1 0.9220
f -39 29 0.6999
p -3 3 0.7862
l 38 22 58 3 0.5764
l -21 -14 26 -17 0.1889
r -23 -13 21 7 0.1072
p 23 -20 0.6736
p 14 28 0.7806
f -6 28 0.7833
f 50 -15 0.5087
f 36 -7 0.5707
p 46 1 0.7821
f 27 9 0.5916
f 32 -14 0.8319
f 49 -11 0.3771
p -47 0 0.4045
l 53 -15 -56 -22 0.8280
f -28 -13 0.8783
f -6 1 0.2284
p 49 -20 0.1931
f -41 9 0.8025
p -4 7 0.5506
f 35 29 0.4434
l 12 -10 10 -17 0.7318
r 33 -26 17 13 0.7050
p 17 14 0.9315
f 42 9 0.1590
l -27 -13 -43 -15 0.7177
r 51 -13 0 8 0.2162
r 31 -27 26 9 0.8357
f 46 -16 0.4543
r 59 -13 53 25 0.0426
p 37 22 0.7447
l -3 9 42 26 0.8218
p -30 26 0.4327
l 17 -19 17 -8 0.1232
f 25 9 0.7297
f -35 -2 0.1034
l 55 0 9 -14 0.0824
l -27 21 -20 0 0.8657
l -7 -14 -40 -14 0.4512
p -56 26 0.8465
p 43 6 0.6103
p 48 1 0.0382
l 2 -1 19 -28 0.1246
p 1 -7 0.7974
p 18 8 0.2090
p -3 24 0.6066
f -54 11 0.0681
r -42 8 18 14 0.1681
l -14 -9 -9 29 0.2781
f -5 -26 0.4131
l -40 4 44 1 0.3068
r 28 -7 47 17 0.8525
l -41 11 49 17 0.8645
f 55 -26 0.6214
p 54 14 0.9603
f 20 -3 0.5029
p -4 22 0.4924
r 0 2 15 24 0.9208
f 40 -2 0.2542
f 57 8 0.7469
p 58 -19 0.1949
p 0 7 0.1014
p -53 10 0.6752
f 10 8 0.7211
f -26 -1 0.3273
r 43 -14 28 25 0.1465
r -4 2 34 13 0.9880
l 46 6 33 13 0.8102
p 41 9 0.1404
f 4 -9 0.4912
r 37 27 59 6 0.6019
f -53 3 0.7339
p 3 -6 0.8431
r -17 5 2 2 0.1925
f -19 15 0.5549
p -32 14 0.2855
p -11 17 0.5732
l -54 9 48 24 0.0006
l 41 -6 -32 26 0.8021
l 58 -3 26 -27 0.3779
p 37 16 0.6903
l 40 7 18 12 0.5690
l 9 15 53 20 0.0147
p -23 19 0.1898
p -59 14 0.7750
r 57 -17 8 20 0.3939
l -5 21 46 -16 0.1476
p 56 5 0.9217
f -42 2 0.6408
p -30 12 0.1781
f -8 -22 0.7397
f 23 -24 0.0936
l -57 26 28 -18 0.5602
f 8 -19 0.0601
r -50 -14 37 25 0.3556
p -20 23 0.6442
l 33 -21 -20 14 0.4403
r -46 3 20 27 0.2382
l -39 23 19 -6 0.7639
p -10 -4 0.1827
p 25 -22 0.7281
l 16 18 -46 -3 0.9293
l -4 -7 32 23 0.9841
p 13 23 0.5586
f -41 -4 0.4753
f -35 8 0.4548
f 48 20 0.0003
p 19 23 0.8037
r -55 -2 31 3 0.9884
f -41 -19 0.0365
p -15 -6 0.5158
f 11 10 0.6147
r 17 -23 26 1 0.4290
f 36 -3 0.1121
r 46 15 33 0 0.0255
f 3 -1 0.6940
l 30 -27 50 -25 0.6442
l -53 -23 33 -7 0.1326
p -1 7 0.7376
f -1 1 0.6994
r 44 -21 12 25 0.8415
p 59 -25 0.1171
p 18 26 0.1261
r 11 -29 57 23 0.5959
l 12 20 46 -14 0.9517
r 19 24 39 5 0.6102
l 47 15 38 21 0.0538
f -29 7 0.1624
l 3 12 5 -11 0.3880
r 0 0 10 15 0.7463
r 4 29 30 8 0.5111
l 22 15 -13 15 0.0495
f 57 3 0.2005
r 29 -22 52 3 0.6033
r 28 -9 2 1 0.0693
l -37 16 5 23 0.7901
f 18 -4 0.3257
f -7 12 0.3256
p -25 2 0.6745
l -11 5 -4 2 0.9031
p 57 6 0.8645
r 32 1 12 12 0.7732
l 52 20 -55 14 0.4679
p -56 28 0.7266
p 39 -11 0.5755
r 22 -18 26 10 0.9397
f -30 -13 0.8088
r -29 26 31 15 0.5823
r 44 -10 59 2 0.0337
l -10 -18 -8 10 0.6312
p -39 17 0.4617
p -19 2 0.2239
r -49 17 23 21 0.6888
r 26 -17 41 1 0.4681
p 16 14 0.8508
l 44 -4 3 29 0.8119
r -17 23 58 4 0.1502
f 59 3 0.6935
l -56 4 -51 -22 0.0156
f -59 15 0.7324
l -32 2 49 6 0.2649
f -37 26 0.8240
f -31 -23 0.3912
f -35 13 0.8163
r -40 -5 21 8 0.2006
r 7 -18 10 25 0.9216
r -8 18 49 13 0.8732
r 34 7 27 1 0.3055
l 53 -8 14 24 0.0907
p 38 -1 0.7550
l -59 -3 2 29 0.8570
f 36 6 0.7140
p -41 17 0.2722
l -52 -18 32 28 0.0912
r -42 10 4 8 0.5433
l -22 -4 48 10 0.1259
p -43 27 0.9097
r -21 -14 53 17 0.4251
r 56 15 19 22 0.8109
p -28 3 0.0447
l -53 -8 53 -8 0.1475
f -10 29 0.4476
p -36 -5 0.2264
l 29 -1 56 -29 0.7745
f 38 -6 0.9420
f -57 0 0.0313
p -9 -27 0.0109
f 12 -24 0.0268
l -16 28 7 -15 0.2053
r -28 -28 59 9 0.9143
p 1 24 0.5666
r -29 -23 44 7 0.4743
p 30 7 0.3725
f 16 -10 0.2135
f 21 6 0.7080
f 1 -23 0.1663
p -49 -1 0.1560
r -24 -27 59 2 0.8501
f 26 11 0.8519
r -29 20 13 4 0.1987
p 56 -25 0.5323
f 59 29 0.4728
r 54 11 13 18 0.4375
f -52 -18 0.0044
l 4 -5 46 -20 0.1369
l -31 18 -44 -2 0.1757
l -49 18 29 -14 0.1971
l -56 -27 -30 23 0.8679
f -55 27 0.3852
r 11 -4 20 6 0.0568
p 22 9 0.4423
r 27 0 8 25 0.7651
f -26 -17 0.5582
p 36 4 0.2214
l -26 -5 45 -12 0.6085
r -33 -14 34 2 0.0554
p -15 3 0.2405
f 45 -26 0.8432
p 30 20 0.7802
l -21 -1 19 -11 0.2600
f -36 22 0.7308
f 50 28 0.9001
p -10 8 0.1479
p -33 7 0.4958
f 35 9 0.3064
p 14 27 0.4132
f -41 25 0.0337
f 0 10 0.3809
f 36 13 0.4571
f 24 -12 0.8551
r -46 -25 46 9 0.5201
p 9 -26 0.0766
f 4 9 0.1002
r 57 -8 16 11 0.2786
p 20 -3 0.5010
r -35 -4 8 4 0.5982
r 28 -12 1 29 0.6635
p 47 27 0.5319
p -22 24 0.8717
l 1 -19 -29 -22 0.9946
l -17 -20 5 -26 0.4004
f -22 -2 0.7404
p -26 -2 0.0760
l 27 -7 -49 -7 0.4684
r -13 10 59 19 0.7202
l -27 21 45 -20 0.1139
l -4 9 8 24 0.9493
l -1 17 -31 7 0.4687
f -1 -11 0.6606
f -59 18 0.9332
r -2 6 37 28 0.6557
l -12 -23 -14 -14 0.6802
f -27 15 0.3786
f 19 22 0.2100
p 16 -28 0.1362
p -21 22 0.8608
r -58 -24 4 27 0.5820
r -46 -23 10 28 0.6437
p 53 24 0.3308
p 41 -3 0.0792
p 3 -10 0.0824
p -47 3 0.7163
r -55 18 30 4 0.3723
f -53 11 0.6332
r 44 13 59 22 0.5228
r -56 -14 22 9 0.8691
l -30 27 -43 -3 0.8041
p 56 4 0.0954
r -14 -1 18 9 0.6945
l -59 17 -51 20 0.0843
p -23 0 0.8537
r -41 -18 5 7 0.5506
l -14 -18 3 -6 0.3785
r -1 16 15 5 0.3531
p -22 25 0.2404
r 10 -8 44 14 0.6960
r 12 19 46 14 0.2020
l 7 -3 43 3 0.9447
l -53 -6 56 -1 0.9204
p -10 -29 0.7861
f 39 -13 0.0736
r -9 17 52 4 0.9254
r 35 -27 51 5 0.6987
f 44 -17 0.6678
l 2 -19 -23 -2 0.3079
f 57 24 0.0248
r 0 -10 53 29 0.2561
l -50 -24 35 -5 0.2863
f -54 -16 0.2460
p -32 -3 0.7397
l -5 -17 -2 -15 0.6512
l -27 29 -26 -17 0.3971
f 23 20 0.4786
p -4 -2 0.8450
p -38 10 0.2872
l 37 -16 -15 0 0.7493
p -44 8 0.4305
p -49 -8 0.6441
r -15 -28 1 22 0.1139
p 30 -15 0.2746
r -34 6 47 6 0.1639
r 47 -6 10 6 0.6793
r -5 -7 38 5 0.8279
p -27 -3 0.2428
r 46 13 40 4 0.0717
l 42 1 -19 -25 0.2647
f -8 -3 0.0487
f 43 -20 0.0722
p -50 -21 0.2377
r -48 -29 23 20 0.2669
r 7 -25 29 11 0.3412
f 19 -14 0.4420
r 4 -7 57 1 0.9090
f -54 -11 0.6628
f 34 -15 0.6072
r 18 -14 55 12 0.2679
l 46 -22 33 -13 0.5795
l 59 28 -49 12 0.8447
f 36 -8 0.8297
f -14 -29 0.9304
r -32 24 36 4 0.8094
r -38 26 31 11 0.9307
r 20 13 6 12 0.8258
f -42 21 0.6628
r -29 -10 3 5 0.3488
p 25 25 0.4617
f -43 -24 0.2898
r -53 7 50 20 0.2972
r 22 27 45 24 0.7522
l 41 0 33 -8 0.3957
l -30 5 -47 -17 0.1617
l 8 -26 -38 -3 0.4202
l -21 -21 42 6 0.5854
r -37 -25 57 29 0.4562
r 22 25 47 22 0.8835
f -20 2 0.8068
f -17 15 0.8088
p 36 8 0.4643
l 11 -28 -33 -21 0.8217
f -39 9 0.2646
r -35 -17 49 20 0.2308
r -13 -1 30 17 0.6256
f -8 -19 0.7475
f -29 -16 0.0734
r 39 25 26 5 0.8143
p 25 8 0.8908
l -9 6 11 10 0.3779
l -15 -14 -9 4 0.7795
l 55 2 -35 -14 0.3620
p -58 11 0.5271
f 30 8 0.5120
f -10 5 0.3839
l 54 20 2 -3 0.2155
r -41 -4 30 7 0.4664
f 21 17 0.0924
r 46 7 22 2 0.1532
f 21 -7 0.7516
l 36 22 -54 12 0.8444
p -56 -25 0.0139
r 57 0 42 21 0.3683
f 11 28 0.3852
p -29 -2 0.1144
p 42 -28 0.5082
f -54 -28 0.0996
r 3 13 52 25 0.2859
l 23 22 -24 -13 0.8696
r -12 25 27 27 0.5368
f 41 -9 0.9024
l 17 -26 -33 23 0.4061
l -17 3 -48 14 0.3183
f 59 26 0.7753
f 43 -29 0.9989
f -11 -11 0.3956
l 50 13 22 -3 0.1446
f 57 10 0.4656
p -52 10 0.5130
p -19 -14 0.2309
l 33 26 -14 10 0.3624
r -45 8 6 19 0.8035
f -21 -22 0.1251
l 40 0 13 -28 0.9159
l -34 23 27 -7 0.6552
f 49 7 0.5056
p -54 13 0.3613
p -36 25 0.1732
l -11 -17 -47 0 0.0498
r 1 0 19 26 0.4135
l 2 4 30 12 0.9077
l 3 0 -32 7 0.5533
f 47 -27 0.8460
f -25 3 0.8299
l -56 -7 1 -21 0.5439
p -2 0 0.7347
l 24 -8 -55 27 0.3175
r 4 -2 0 12 0.1349
f -35 28 0.1137
f 0 3 0.1286
r -47 11 1 17 0.9742
p -53 4 0.2519
r 40 -3 38 9 0.0579
p 21 -14 0.3069
l 11 0 18 11 0.1492
f 32 26 0.3530
l -1 -6 -34 16 0.1902
r 52 26 17 2 0.8626
f 1 -7 0.1017
f 43 -27 0.8657
p -49 26 0.6786
l 38 4 55 7 0.8961
r 5 -24 19 28 0.6369
f 43 -12 0.4128
p 37 -19 0.9618
p 46 -16 0.0145
l 27 8 -55 -10 0.1682
r -1 -15 38 28 0.1932
l 0 -12 7 -21 0.4235
f 26 6 0.1099
p -56 11 0.9591
p 32 10 0.8744
f -10 -7 0.0801
f 20 3 0.1112
l 10 26 -14 -7 0.1893
l 49 -29 -49 21 0.4262
r -44 22 45 28 0.0994
p -9 29 0.3622
l 50 -22 -38 27 0.6759
f 47 -5 0.6639
f 18 -2 0.4079
f 52 18 0.6023
f -10 19 0.1598
f 19 12 0.8106
p 13 2 0.6937
p -32 24 0.9267
p -28 -14 0.0212
l -35 -15 20 27 0.6246
f -26 0 0.8876
l -50 22 36 -9 0.8177
l 34 -12 42 9 0.8138
f 43 20 0.8794
p 26 5 0.2510
l -53 7 -10 1 0.3158
f -44 22 0.2962
l -10 13 33 23 0.3304
p -33 10 0.3896
p 40 -25 0.3781
r 20 -29 33 18 0.0193
l 55 18 -20 -26 0.7237
p 7 -18 0.9133
r 16 -14 1 26 0.6741
f 18 13 0.4962
f -9 6 0.4902
l -27 24 -36 -5 0.0300
r 57 -2 20 12 0.1457
p 51 4 0.6964
f 10 0 0.9226
l -38 -19 -50 21 0.0793
f -2 14 0.3363
p -35 21 0.8268
l -51 7 0 21 0.1980
f -35 -7 0.4454
f -36 16 0.6944
l 16 -18 3 -19 0.7692
p 13 2 0.6183
f 3 -13 0.1136
r 18 12 20 1 0.8791
l -31 -15 32 5 0.9287
p -38 13 0.2090
f 12 11 0.6327
p -29 20 0.9517
r 35 -13 32 22 0.2277
f -36 0 0.6905
p -1 -26 0.3672
l -33 -6 45 27 0.7125
f 2 -4 0.7951
p 14 -10 0.2821
r 1 11 23 5 0.5422
p 43 22 0.9344
r 36 0 47 10 0.8417
f -33 -27 0.4976
p -48 21 0.1917
f 26 -26 0.6711
l -36 -21 -14 6 0.1345
p 24 -15 0.4519
f -1 4 0.9036
p -41 -11 0.6560
r 55 16 6 16 0.2049
p 1 -11 0.8525
r 56 -1 31 14 0.5559
f 40 -12 0.9823
l -14 -14 -22 1 0.9470
r 20 -18 33 15 0.9001
l 39 -18 -47 2 0.2155
r -4 12 16 4 0.6730
p 19 -14 0.2939
f -8 -27 0.7055
l -16 -17 -27 25 0.3358
r 16 27 28 28 0.9343
r -27 23 44 12 0.1001
l 54 9 32 -21 0.0413
r 27 -17 18 5 0.2821
p 14 6 0.7711
f -45 29 0.2217
l -13 -4 -14 19 0.8582
f 7 -20 0.1711
p -54 11 0.1979
p -32 5 0.1408
r 9 -22 41 15 0.0918
f 56 -10 0.1863
l -18 10 38 -5 0.0148
f 39 -19 0.9010
r -21 16 28 14 0.6573
p -29 27 0.2344
p 46 -20 0.3233
l 36 -3 -11 -7 0.4769
l 48 0 0 0 0.6133
l -31 1 40 4 0.5174
l 11 20 -39 -1 0.2908
l 31 -8 21 21 0.8720
p 0 -19 0.9225
f -33 11 0.1324
l 6 12 3 -6 0.4148
f -7 4 0.2645
p -35 -21 0.0765
p 26 -2 0.7124
l 34 22 -31 -7 0.4505
l -15 11 -18 -23 0.1859
l -4 28 3 22 0.8288
p 26 -29 0.6129
l 10 -6 37 13 0.1012
f -28 -8 0.2681
l 35 4 -52 -29 0.6973
l -21 -9 42 -4 0.8672
p -17 3 0.1764
f -26 -24 0.8209
f -35 7 0.8028
l 2 -13 27 -9 0.3389
p 1 14 0.5614
r 52 -5 48 26 0.4121
p 53 -17 0.9180
p 20 1 0.4420
p 49 27 0.6528
l -23 -14 -13 5 0.0925
p -25 -2 0.4264
f 32 20 0.1260
l -27 1 -9 -6 0.8584
p -37 -14 0.4245
f 47 -2 0.4873
f 5 -14 0.5799
f -39 -29 0.5941
p -38 28 0.5597
p -18 -24 0.8263
f 15 19 0.4348
f 50 -22 0.6457
r -25 -20 15 13 0.2173
p -10 -25 0.7541
l 6 -1 -45 -12 0.0643
l 11 -29 21 4 0.6077
f 34 -6 0.1275
r 25 10 20 4 0.8303
l -20 -10 -45 -28 0.2966
f -51 -14 0.3094
p -40 16 0.6685
f -19 0 0.8061
r 28 -16 11 11 0.2131
p 50 -9 0.4924
p -46 15 0.7046
r -29 5 2 5 0.8833
p 59 1 0.5403
r -24 -26 20 15 0.1553
f -25 -1 0.1425
f 1 3 0.3551
l 4 0 -24 15 0.2095
r 50 -15 36 26 0.6997
p -37 6 0.9760
l 51 -20 -43 -9 0.4179
p 27 -4 0.0064
p -33 11 0.7024
r 59 12 28 27 0.4246
l -17 2 44 14 0.8559
p 45 3 0.1261
r 57 18 4 26 0.9542
p -24 -28 0.2491
l 35 27 -24 -15 0.5136
f 18 -21 0.2617
r 0 -10 59 11 0.0013
l 40 4 -14 9 0.2021
p -25 -17 0.9633
l 41 -4 40 -14 0.4225
l -24 15 -59 18 0.2666
r -25 -26 6 3 0.8341
f -4 18 0.3247
f 45 -21 0.4338
f 10 -27 0.1042
r -39 -18 32 5 0.4669
p -49 25 0.4647
l 26 14 3 -1 0.6225
f -3 -3 0.3050
p 57 -28 0.5969
l 46 -16 20 13 0.0810
r -33 7 55 23 0.7945
f -45 11 0.5147
f -18 -29 0.0351
r 44 -1 36 27 0.8686
l 44 4 12 -9 0.7480
f -42 3 0.6852
l -42 4 47 -26 0.4212
f 42 -23 0.9524
l 30 12 -56 -10 0.8646
p 46 9 0.7391
r -11 6 35 18 0.4337
l -53 -29 -37 3 0.7647
f -48 -18 0.5213
l 23 26 26 21 0.8282
r 45 -28 31 8 0.6313
p -2 -12 0.1166
l 35 16 -10 2 0.3912
f -12 5 0.0505
p 1 -6 0.6403
p -53 -6 0.9056
p -33 2 0.9183
p -38 12 0.3594
r -7 11 4 6 0.4555
p 49 18 0.0851
r 30 17 21 18 0.5451
p -5 -11 0.0436
f 23 -6 0.6732
p -49 8 0.8315
p -39 -23 0.4728
p -11 -25 0.2205
f 33 4 0.1401
l -8 -27 15 21 0.0190
l -28 14 -12 0 0.9346
f -49 21 0.6541
f -41 8 0.3872
r 34 -5 50 21 0.0012
f 34 -9 0.9784
f 26 5 0.9590
l -40 -20 24 -7 0.0694
l -34 3 -47 26 0.6391
p -43 -9 0.5708
r 8 -6 26 1 0.3180
l -24 16 52 -1 0.2593
p 31 29 0.8511
r -6 -3 45 11 0.8537
p 47 -27 0.0975
p 7 11 0.5568
r 47 -1 23 16 0.0258
p 1 23 0.3806
l 26 15 -20 -19 0.1484
p -40 1 0.6161
p -5 16 0.5685
p 41 -13 0.5806
l -15 9 40 -23 0.6966
f -10 -22 0.8574
p -38 -14 0.7114
r -17 -16 39 4 0.1098
r -50 -17 12 28 0.6623
f 21 8 0.8512
p 21 -16 0.5031
r -14 8 24 8 0.2711
r -42 -4 45 18 0.1772
p -38 0 0.2159
l 35 -10 -49 -14 0.5352
f 11 11 0.1385
f -30 -17 0.1677
l -56 -20 14 -11 0.4041
r 19 19 15 13 0.0622
p -55 -27 0.3263
p -33 -17 0.5091
l -40 23 41 22 0.1877
f -56 15 0.7500
l 24 24 -19 -8 0.7652
l -9 13 -2 -5 0.9778
r 5 -16 51 28 0.9214
r -23 20 50 24 0.7173
l 25 -19 41 8 0.9034
f -9 -17 0.5433
r 58 -19 24 13 0.0760
l 8 14 34 -15 0.8277
r -14 26 23 12 0.6422
r 20 16 39 20 0.9497
f -12 -14 0.8237
l 51 -4 -55 -9 0.0487
l -5 -1 -4 -16 0.3999
f -51 -22 0.7204
l 29 -24 27 -3 0.4026
l 32 5 -15 8 0.1447
r 10 -26 20 14 0.9944
r -18 -26 3 18 0.4288
p 15 -4 0.0753
p -22 -21 0.0759
r -2 19 8 26 0.1832
p 55 -6 0.6456
p 44 -15 0.5391
l 46 -22 4 -27 0.6438
f -26 20 0.4251
r 48 -14 11 13 0.0418
f -59 -24 0.3953
r 56 -7 55 1 0.7588
f 19 0 0.3138
p 58 4 0.6364
r -34 10 1 23 0.1321
p 47 11 0.4811
f 12 13 0.7992
p 43 1 0.4417
f -5 -10 0.6492
l -33 5 18 20 0.2663
l 31 -1 38 -5 0.2306
l -4 -24 55 -7 0.4680
r 55 2 58 16 0.8980
l 12 -15 17 6 0.5178
l 9 25 34 6 0.6415
f -15 12 0.5935
f -1 22 0.3066
f 16 7 0.6434
l -40 -6 6 18 0.2069
l -41 28 -37 9 0.0982
r -32 1 8 22 0.6162
l -40 18 16 -9 0.3130
l 18 24 17 -24 0.9728
r -58 -18 50 8 0.0435
r -1 -13 31 28 0.4211
r -42 -18 5 18 0.5173
r -12 22 21 15 0.3409
r -26 -22 43 0 0.1467
r 57 4 0 26 0.2342
r 13 4 0 25 0.7775
p 59 10 0.4142
l 37 -6 -9 -14 0.4254
f -37 9 0.5830
r 11 -14 19 28 0.3332
l -29 3 -41 -9 0.1258
l -23 -25 18 -23 0.2754
l -26 -18 59 -19 0.1885
f -53 -19 0.6918
l 58 -1 11 28 0.0054
p 3 10 0.9680
f -29 -22 0.8048
l -24 6 -7 11 0.5286
r 46 3 59 20 0.6782
f 10 12 0.5670
r -50 -7 2 28 0.4958
r 28 6 24 1 0.9598
l 58 -15 51 26 0.8965
f 14 20 0.5653
f -55 23 0.4862
r 56 11 22 0 0.8538
r -54 -16 14 19 0.0120
f -56 -25 0.1308
r 44 -2 34 28 0.4164
f 39 10 0.4480
p 49 -20 0.5327
l 24 -3 20 6 0.5944
p 2 28 0.9754
r -56 19 58 22 0.3367
r 18 6 20 3 0.8341
r 35 0 47 7 0.8536
r 56 0 27 9 0.4841
r 23 2 35 10 0.2004
r 10 20 37 16 0.3555
p -27 -11 0.1940
r 40 -8 29 24 0.1669
f 12 3 0.4308
p 41 -4 0.5683
l 52 -12 -40 -3 0.3881
p -26 -11 0.1275
l -7 -8 -26 19 0.6249
r 4 15 10 5 0.4231
r -43 -19 59 16 0.0269
p 39 20 0.4690
r 22 20 42 17 0.5241
f -37 27 0.7465
f 27 -25 0.0152
r -1 -4 54 28 0.2108
l 3 -17 2 -25 0.9383
f 44 5 0.4073
l -52 15 -13 18 0.0705
f -38 -8 0.6325
l 32 8 13 14 0.4271
p 20 25 0.5813
f 33 -4 0.0860
p -27 -25 0.1041
p -59 -14 0.7175
f -16 10 0.3865
r -5 22 56 14 0.0387
f 23 5 0.0669
l -13 -2 50 -11 0.0242
p 0 -14 0.6183
r -11 -26 57 20 0.2373
l 26 18 -37 17 0.0487
l -57 7 -19 21 0.6471
p 19 19 0.9700
f 41 6 0.6537
l 33 -2 25 -4 0.2119
f 0 0 0.8927
r -4 3 54 4 0.6941
p 36 3 0.3127
p 20 8 0.0676
p -24 18 0.7362
r -52 -17 49 11 0.2776
r -24 -16 8 10 0.7435
r 0 -28 52 7 0.4060
l -46 -26 -41 -9 0.3268
l -15 9 -57 -1 0.0980
l -58 -1 20 -9 0.4388
f -14 17 0.7182
l 33 -2 -39 -10 0.2763
p -53 10 0.9501
l 25 8 15 -8 0.9489
f -12 -23 0.6561
r 2 -20 1 2 0.0820
r -4 11 46 8 0.5657
p -7 -18 0.9332
p -18 26 0.8145
p -6 -25 0.7812
r 48 -28 49 4 0.9432
f 45 12 0.3666
l -10 7 2 26 0.3686
p -39 18 0.7711
l 5 22 17 -24 0.8612
r -41 12 36 8 0.2566
f 5 -3 0.7991
p -55 -19 0.2351
f 1 -24 0.5765
p 42 -19 0.2901
l 43 -2 34 23 0.3721
p -33 22 0.2442
p -31 6 0.6549
l -33 25 36 -14 0.9866
p -30 26 0.7044
p -15 22 0.9273
f 50 -28 0.7955
p -45 22 0.8473
p -30 -26 0.1483
p 16 -2 0.5265
p -31 -29 0.8590
r 34 8 15 24 0.1673
r 46 -10 14 26 0.4191
p 18 -28 0.7674
p -5 -4 0.8419
r -30 14 30 12 0.3502
f 9 -1 0.8423
p -45 21 0.3317
f -47 9 0.7858
l -51 -20 -13 -8 0.5161
r 43 -4 52 25 0.2590
l -27 -2 32 0 0.7088
f -5 -12 0.6182
p -59 -17 0.7687
f 45 -9 0.6205
l -30 -2 5 -8 0.0388
l -46 2 22 -11 0.2881
r 23 -18 22 15 0.0795
r 15 13 56 13 0.4223
p 50 -3 0.2228
p 38 -9 0.2200
f 26 -22 0.2841
l 27 -16 40 -21 0.4735
p 38 -3 0.0644
p -52 16 0.2286
p 53 -28 0.0847
l -53 13 -42 26 0.0925
p -43 -12 0.8232
f 32 13 0.5811
p -51 0 0.8839
r 43 -25 24 27 0.1498
f -56 27 0.2668
f 28 21 0.2439
f -33 25 0.4403
l -32 -5 -2 -4 0.5222
p 58 3 0.4170
l 10 3 47 13 0.3163
r -36 -17 12 8 0.6141
r 2 20 22 8 0.9662
f 45 28 0.6514
r 40 0 14 11 0.9909
l -40 -15 -46 6 0.3117
f -27 24 0.7209
f 44 -7 0.0790
l -19 11 -36 -15 0.5413
r 20 6 32 9 0.9285
f 3 -25 0.4174
p 13 17 0.0411
p 33 13 0.0475
p 18 10 0.9742
r 12 -25 21 14 0.3683
r 33 14 14 4 0.1334
p -20 -29 0.9573
p 38 15 0.7069
r 49 8 39 13 0.4990
l -36 -20 46 -18 0.9939
f -59 18 0.5899
r 29 11 58 8 0.0149
f 36 -9 0.3865
p -48 -5 0.9744
p 48 2 0.3118
r -52 -21 37 19 0.3160
l -31 -7 -27 29 0.3860
p 6 25 0.5009
p -57 -1 0.8511
f 24 29 0.8309
p -44 14 0.8203
f -1 -21 0.2905
p -44 26 0.7626
l 40 9 -43 11 0.5344
p -43 -9 0.1159
r -12 28 40 24 0.5951
l -22 -5 -57 8 0.2830
l 43 -29 -6 -8 0.9613
r 31 -5 32 5 0.3219
l -48 -18 28 -13 0.7699
r -46 -29 55 13 0.8072
r 43 -12 12 14 0.2235
f -47 21 0.2395
f -6 -8 0.7264
l 16 -15 -22 -26 0.9885
f 49 16 0.5011
f 44 -26 0.2145
p -40 -28 0.8759
r 39 3 3 21 0.7215
l -11 3 48 -23 0.5153
l -44 22 47 -13 0.8286
f -3 27 0.9705
l 51 -29 -42 -4 0.7616
p 43 -8 0.2041
f -55 2 0.4759
r -53 -21 1 20 0.7454
p 52 -1 0.8871
f 56 5 0.9765
r 35 -14 31 19 0.9789
p -45 -12 0.2683
p 27 27 0.9193
p -19 -8 0.0228
p 57 0 0.1360
r -2 22 30 28 0.4548
p 35 18 0.0744
f 11 -4 0.3042
p 49 6 0.2400
r 1 22 51 7 0.1762
f 13 23 0.7638
l 9 18 59 0 0.3958
f -25 20 0.0664
p -42 16 0.0380
r -29 1 43 23 0.6193
r -40 28 0 1 0.2669
r 26 12 17 6 0.8903
p 48 1 0.2516
f -59 -18 0.4266
r -45 -14 18 12 0.1158
l 20 -26 57 7 0.5536
p 54 5 0.0651
r -23 -2 57 14 0.9797
l 13 -19 -52 -24 0.2327
f 15 -11 0.0539
p -32 -5 0.6418
f -39 -2 0.8591
p 20 29 0.6565
l 12 17 48 4 0.5872
f -10 0 0.1931
p 46 -20 0.4852
f 47 6 0.7811
r 47 -28 12 11 0.8495
p 12 -6 0.7551
p 34 -29 0.9346
p -33 -19 0.6084
l -5 -17 39 6 0.9293
r 40 12 31 25 0.3670
l -2 13 -50 12 0.3215
l 10 27 -40 -5 0.5577
r -49 27 56 23 0.6542
p -53 10 0.5832
l -9 8 48 -1 0.7545
r 27 -27 58 7 0.2042
f 20 -10 0.8118
p -12 -7 0.2362
p 36 -22 0.0482
r 34 2 54 19 0.8822
f -6 23 0.3214
r -28 -15 42 9 0.5752
p -54 -14 0.1209
r 54 -14 9 12 0.6835
f 31 -22 0.0758
f -38 -10 0.8594
l -26 4 -7 -25 0.3276
p -45 9 0.2799
r 21 21 10 27 0.8116
f -10 0 0.4567
r -40 13 0 19 0.4778
l -35 -2 15 -6 0.6690
p -17 -14 0.9920
f -19 -9 0.7413
l -55 -16 -22 14 0.9948
f -55 7 0.4016
r 14 9 52 20 0.2152
p -24 -13 0.8119
l 26 -26 -38 -1 0.7712
f 0 25 0.6284
p 48 -18 0.5683
r 6 -7 54 4 0.7123
f -30 -26 0.0769
l -44 -18 -10 -7 0.4997
p -26 -12 0.5191
r -23 13 49 3 0.6519
p -42 -21 0.5387
p -34 -4 0.4342
r 17 29 49 21 0.0136
f -15 -12 0.1996
p -47 -17 0.1851
p 22 19 0.8038
l -52 26 30 6 0.7120
f -32 17 0.4803
r 34 -15 6 20 0.6927
l -19 -7 -24 11 0.9082
l 10 10 -57 13 0.7661
r -18 -10 17 29 0.3029
r 17 -6 33 18 0.9263
f 3 -16 0.8867
r 42 -22 47 6 0.9570
r -19 11 40 6 0.2473
f 39 -1 0.9838
f -21 -20 0.2493
l -48 17 37 3 0.7216
p -53 17 0.9547
p -31 7 0.2900
p 26 -28 0.1024
f -30 22 0.8500
f -24 -19 0.7824
f -18 -3 0.9771
r -15 -15 35 27 0.3616
l -29 -19 -1 -2 0.5952
r 5 -17 17 27 0.2049
p -28 28 0.7894
p 27 -25 0.1630
r -36 21 49 29 0.8198
l 30 9 36 -23 0.4139
r -30 -13 48 9 0.0978
f 12 -1 0.5242
l -48 -10 45 -27 0.1433
r -42 28 31 28 0.6653
p 53 -9 0.2143
p 22 -27 0.0664
r 34 26 36 17 0.0319
l 6 3 -57 -22 0.3279
r 30 27 43 18 0.7540
p 53 15 0.8502
l -18 -13 47 1 0.3177
l -56 3 -9 22 0.5147
l -9 22 9 -7 0.5775
r -1 -20 21 8 0.1409
p 44 -12 0.8881
r 30 -3 9 24 0.0134
r -54 11 8 23 0.2064
r 2 -10 4 17 0.1179
l 31 19 -47 3 0.0148
r -34 -4 24 27 0.5213
r -19 28 33 8 0.6124
r -7 -14 51 24 0.2817
r -54 -22 23 20 0.4326
p 34 -1 0.4609
r -56 22 39 29 0.4293
r 23 -11 35 15 0.7752
r 0 16 37 11 0.9942
f -51 13 0.1466
r -13 1 2 11 0.3435
r 53 -6 46 12 0.8175
r -16 -11 21 25 0.3401
p 12 17 0.0131
r -52 2 44 29 0.0282
l -57 -3 52 28 0.6355
r 50 4 16 16 0.1006
f 59 16 0.8180
r 58 4 43 11 0.2125
p 23 28 0.0218
f -14 19 0.1161
l -1 -3 -14 2 0.4126
r 37 28 16 3 0.7388
p -46 -25 0.5344
p 50 11 0.9672
p -47 19 0.8369
l 55 -11 17 -23 0.0712
f 54 -5 0.0112
r -54 -27 28 17 0.3261
l -1 14 -34 -10 0.4801
f -13 12 0.5366
l 8 -27 2 -19 0.2105
l -28 -23 -40 5 0.5445
l -53 28 55 0 0.4744
p -10 -28 0.3390
r 38 0 19 10 0.0970
p -11 -23 0.6026
f 49 -22 0.8706
l 19 8 -57 -10 0.9083
f 15 9 0.1310
p 31 -21 0.6163
l -57 -23 -41 19 0.4859
p 44 -21 0.4234
l -16 26 4 -15 0.8638
r 57 -9 2 23 0.3812
p 21 8 0.2821
l -33 21 31 -2 0.4286
l 14 -29 -24 11 0.7117
p 21 26 0.4298
l -21 -6 -58 -10 0.5913
r -41 -22 8 8 0.1562
l 54 -20 -53 8 0.8207
r 9 4 48 5 0.9266
p 27 2 0.5427
p 31 3 0.5651
r 32 15 31 23 0.4426
f 56 27 0.6731
l -17 2 -6 14 0.2899
l 18 16 33 -25 0.9888
f 8 -22 0.9456
l -52 -6 -59 -8 0.0781
p -38 10 0.4241
r -36 -18 34 22 0.4972
f 30 -6 0.8894
f -38 -24 0.6654
r -29 2 22 9 0.2644
r 52 -20 40 20 0.8765
l -45 -23 25 -8 0.6399
r -36 -6 44 22 0.2244
r 47 -3 33 27 0.5774
r -27 10 50 12 0.8409
l 42 -24 21 -11 0.2870
p -48 -16 0.3509
r -31 -10 47 19 0.0666
f 48 -21 0.0136
l -49 29 27 18 0.8989
l -32 -4 -25 -19 0.9498
p -19 20 0.2824
r 0 7 11 6 0.5774
r 8 -21 34 18 0.6402
r -4 20 5 11 0.7070
f -40 -28 0.8107
f 34 -29 0.8335
p -26 -16 0.6568
f 33 0 0.8421
r -46 -23 44 25 0.4710
l 19 4 57 -17 0.5895
p 29 8 0.4784
r 1 13 11 20 0.7490
f 53 10 0.3275
p -37 10 0.7636
l 17 -11 32 -21 0.4282
l -55 28 -52 -3 0.6025
p 29 9 0.7098
r 32 0 29 2 0.8920
f 25 -27 0.7598
p 25 16 0.8839
p 19 -25 0.1624
r 4 15 19 6 0.9177
p -57 -4 0.7770
p -26 2 0.4760
f 12 13 0.5554
p -40 -25 0.8289
p 30 27 0.3575
l -39 28 13 -13 0.1510
p 25 5 0.5964
l -43 -2 55 -3 0.0660
r -38 3 38 4 0.7504
f 53 -5 0.2595
p -7 -27 0.1387
l -49 16 20 3 0.8601
p 35 8 0.0705
l -15 4 0 6 0.3872
f -26 22 0.4865
f 39 3 0.4930
f 6 -28 0.7310
l -4 5 -52 3 0.0818
p 43 -9 0.7759
p -31 28 0.9469
r 31 -4 16 7 0.3947
r 37 11 51 21 0.4056
l -6 -7 -55 -22 0.2657
r -36 12 19 24 0.9957
l -53 -27 -45 -5 0.1014
p 6 26 0.1232
p -55 -1 0.9993
f -37 -21 0.9240
r -24 -16 12 1 0.7099
r -37 0 59 2 0.0858
r -42 -18 59 10 0.3504
l 49 -7 -5 -16 0.7816
f -26 -12 0.1420
l -23 -18 52 22 0.8577
l 27 3 0 -17 0.6262
l -40 -10 15 -17 0.6448
f -26 20 0.0619
f -34 -16 0.1965
l -2 -26 58 13 0.3995
f -16 26 0.6149
r -2 -21 24 7 0.4957
p -27 22 0.8469
r 40 -9 28 14 0.2012
l 48 26 -11 -28 0.1233
r -31 5 21 4 0.9213
l -10 29 -46 -24 0.9386
l 7 13 -25 24 0.3035
r -7 -23 42 16 0.4693
r 24 -15 4 28 0.5782
f -13 -25 0.9146
f 39 25 0.6061
r -46 -21 33 26 0.8999
r 31 29 46 16 0.1728
p 23 19 0.1142
f -48 0 0.4700
r 12 9 15 2 0.2938
p -35 16 0.8123
p 28 -21 0.2294
f -36 6 0.2010
p -11 12 0.2662
r -37 12 6 13 0.0358
f 18 0 0.1102
r 40 27 55 1 0.3688
f 53 0 0.8435
r -50 -7 43 4 0.1708
f 36 12 0.4848
r 57 -25 2 13 0.7797
l -7 -9 -3 -19 0.7031
f -12 4 0.6734
l -55 25 -41 -21 0.5275
l -50 -23 19 3 0.1269
r 36 10 57 3 0.5379
f -53 -17 0.1418
p 47 18 0.2726
f 53 26 0.9387
r 22 -18 58 14 0.5084
l 0 -8 -40 9 0.4649
r -30 -22 39 0 0.1440
r -16 -14 17 2 0.7370
l -53 -27 46 18 0.6777
f 5 25 0.0758
p 39 -10 0.9547
l 37 21 17 -7 0.3598
f -57 10 0.7316
r 31 -27 1 26 0.1596
r -57 -19 53 26 0.2741
l 0 -26 -33 -20 0.4264
f 0 22 0.3584
r 38 -2 1 5 0.8080
l 12 15 24 -6 0.3441
r -57 -19 40 2 0.4031
r -55 27 27 9 0.0026
l 3 27 1 -13 0.0909
r -51 -24 30 4 0.3616
r 3 5 41 9 0.2296
r 16 24 5 10 0.1093
r 8 21 27 21 0.3640
l 31 29 -27 -25 0.3198
r 49 -4 13 7 0.8142
l 30 29 44 -9 0.7807
l 30 6 -32 0 0.2006
f -42 -28 0.3907
p -24 -1 0.6081
l 57 22 59 -27 0.5028
r -14 26 56 23 0.5372
l 48 -5 45 1 0.7677
l -42 26 -27 -16 0.9771
r 53 25 12 9 0.1242
l -13 -28 -21 28 0.6991
f 36 21 0.2406
p 23 8 0.1515
p 43 -1 0.3122
r -58 24 50 2 0.3363
f 45 -14 0.7622
p -33 -6 0.9130
f 49 -3 0.7910
r 45 -22 34 21 0.8900
l 19 -4 -36 12 0.8703
f -3 7 0.9236
r -38 -5 44 9 0.2426
r -47 -19 20 4 0.8724
l -19 -14 -11 25 0.8326
p -42 5 0.8205
p -26 19 0.1473
r 40 -16 55 13 0.9369
l -25 -16 51 7 0.7529
r -1 21 0 14 0.1797
l -1 8 39 16 0.7489
p -24 1 0.8867
l 49 -7 44 3 0.0523
p 16 -25 0.8414
f 54 19 0.4916
