120	60
5497
1	20	8.2334	1
0	63	27	9
1	27	24	19
2	17	20	6
4	40	39	18
6	15	51	3
7	16	25	16
9	25	41	4
10	80	23	3
12	57	24	14
14	105	5	1
16	105	45	5
19	103	44	6
20	81	29	4
22	96	27	7
23	96	19	4
25	30	21	18
26	80	44	6
28	105	56	4
30	35	28	6
36	11	47	3
37	36	46	4
38	72	32	18
45	27	38	11
49	49	18	17
51	11	29	7
52	73	2	1
53	48	4	2
58	37	31	20
59	20	19	10
62	28	56	2
70	73	3	2
71	11	54	2
73	88	17	14
75	20	25	20
76	41	18	5
77	12	48	9
80	8	28	7
81	109	49	4
83	42	22	12
84	84	43	9
87	83	38	7
89	53	31	2
92	8	23	3
95	89	35	17
97	59	23	5
98	78	24	16
100	89	54	2
101	30	19	1
103	70	38	19
105	47	41	17
106	112	38	7
107	74	17	11
108	98	28	10
109	82	18	11
111	34	13	11
112	29	35	19
114	107	46	6
115	75	41	9
116	49	29	10
117	101	15	10
119	111	34	4
120	27	35	7
121	42	24	7
122	93	42	3
125	74	20	10
126	32	38	5
127	55	45	8
130	103	29	11
131	97	32	7
132	50	21	10
134	91	32	9
135	88	39	12
139	82	46	6
141	69	16	8
142	56	8	1
145	36	21	3
150	94	47	2
151	98	44	3
152	82	16	14
155	66	19	14
157	39	47	7
159	27	8	7
162	55	42	16
165	11	40	4
166	68	12	8
167	74	39	15
169	27	40	19
171	108	24	1
176	4	36	2
178	65	30	15
179	31	29	17
181	76	15	11
182	47	37	4
185	39	17	3
186	97	22	17
188	27	40	20
189	104	11	10
192	88	16	2
193	56	16	15
194	58	42	18
195	106	28	14
196	88	14	14
199	18	45	9
200	76	50	4
201	95	17	17
202	63	28	8
205	5	24	4
206	75	30	17
210	63	40	11
211	51	16	12
215	39	39	19
217	20	38	9
220	62	20	16
221	35	20	10
222	20	39	3
223	74	36	4
224	42	25	12
225	14	51	3
226	95	22	12
227	42	15	12
228	19	40	4
229	73	43	6
231	30	47	9
233	118	1	1
236	84	44	16
237	67	22	17
238	27	30	16
239	68	7	2
240	77	5	4
242	88	17	6
243	8	49	2
245	47	21	16
246	25	37	15
247	71	42	5
248	26	14	14
249	91	15	1
252	55	30	14
253	5	47	4
254	29	28	11
256	45	21	9
257	56	45	10
259	54	24	1
261	101	36	5
262	109	52	7
263	82	47	5
264	106	21	7
267	52	17	13
269	9	31	3
271	62	40	20
272	54	16	8
274	31	20	5
275	91	36	2
276	85	44	14
277	71	15	2
282	23	4	3
283	100	49	11
284	43	22	20
285	93	11	10
287	10	12	9
289	2	52	2
290	36	36	18
293	89	19	9
294	27	20	3
295	91	30	17
296	11	23	6
298	99	41	13
302	44	21	14
305	53	36	18
306	22	45	8
307	67	23	15
308	17	45	1
311	83	11	9
312	10	39	5
313	48	29	1
314	87	32	9
316	59	45	13
318	101	32	11
319	64	36	14
322	63	19	13
324	31	38	11
325	15	8	8
328	25	24	18
329	25	40	8
330	37	11	5
331	85	31	2
332	4	37	2
338	32	39	2
339	53	55	3
346	30	31	6
347	26	32	18
349	56	24	18
352	41	42	4
354	43	30	14
355	94	43	10
358	14	30	5
359	75	31	10
361	57	35	18
362	40	20	17
363	63	43	16
364	51	43	16
365	30	43	1
366	11	50	6
370	104	51	6
371	61	20	1
372	116	24	4
373	37	44	4
376	97	48	11
377	80	52	2
378	39	39	9
379	67	45	13
380	97	39	19
381	23	48	1
382	28	33	19
386	113	17	1
389	57	44	16
390	76	24	15
392	55	26	6
393	21	44	15
399	109	27	8
400	69	26	14
401	14	42	14
402	35	40	19
403	37	42	16
404	90	32	17
405	21	49	5
406	107	27	6
407	84	14	4
409	110	35	5
410	56	32	17
412	14	43	3
413	79	17	4
416	116	25	2
417	74	43	16
418	81	32	2
419	19	34	12
420	97	34	5
422	41	13	1
423	101	45	12
426	72	51	3
431	76	41	16
432	80	31	15
433	79	38	5
434	22	41	14
436	27	6	6
437	97	48	11
438	111	33	9
439	101	24	2
442	94	30	3
445	85	23	14
451	93	41	17
452	90	43	8
454	79	35	6
455	40	29	4
456	100	19	16
459	76	37	16
460	49	40	6
462	61	15	13
467	6	29	5
468	85	27	2
470	33	30	16
473	36	27	15
475	68	49	1
479	103	31	15
480	3	1	1
481	43	12	2
482	75	48	11
483	8	25	3
486	7	43	3
488	105	10	10
489	51	13	7
490	53	34	13
491	39	54	4
492	100	13	9
494	72	46	4
496	69	17	15
498	87	46	14
500	57	36	4
501	18	10	9
507	76	1	1
509	52	37	4
511	31	15	6
512	25	25	10
514	60	30	15
516	90	44	16
518	105	35	6
521	43	49	8
522	99	41	7
523	42	52	3
524	77	11	9
525	66	29	6
526	102	43	16
527	12	11	1
529	100	46	2
530	74	37	7
532	57	23	6
533	73	11	6
534	53	32	4
535	23	24	9
537	107	17	12
539	88	39	11
540	20	11	10
542	17	9	7
543	18	12	11
545	54	31	7
548	87	52	1
550	23	33	17
552	105	21	4
555	41	2	1
558	55	40	14
561	27	25	5
563	77	23	2
566	106	11	6
568	9	54	3
569	52	25	6
570	36	7	3
572	102	17	16
573	76	31	15
576	84	40	5
579	59	42	17
580	42	35	9
581	57	41	5
583	97	18	10
584	106	10	6
586	62	32	10
588	87	57	3
590	24	53	2
592	34	27	10
594	110	42	8
596	71	22	3
597	64	43	2
599	75	14	12
601	61	39	8
602	74	12	4
605	56	18	17
606	35	33	10
609	55	52	5
612	40	32	8
615	83	18	12
616	96	46	11
619	66	49	2
621	88	32	12
623	108	48	1
624	101	24	10
626	6	34	3
630	43	35	11
633	31	33	11
637	84	30	17
638	87	33	16
639	8	25	8
641	20	32	15
645	22	41	8
646	22	12	4
647	117	29	1
648	98	25	7
650	69	36	19
651	91	26	5
654	9	39	1
656	71	37	18
657	43	29	15
658	51	22	8
659	108	13	8
662	7	34	6
663	54	7	1
664	44	21	19
666	60	19	13
669	17	38	7
670	75	47	4
672	95	33	19
675	84	46	4
676	76	11	8
677	114	3	3
680	80	32	12
681	17	48	4
682	74	19	19
685	60	39	6
686	69	30	3
687	33	42	9
688	87	46	6
691	37	15	14
692	105	18	2
694	26	13	1
695	10	37	4
696	62	20	11
698	110	31	4
699	79	43	5
706	74	36	6
707	21	20	8
710	98	39	5
712	65	53	3
713	57	29	8
714	42	48	8
715	48	29	7
716	103	11	4
717	65	26	20
719	87	28	17
721	24	48	11
724	32	20	7
725	41	38	2
727	25	48	1
728	92	43	17
729	48	16	13
730	93	14	7
731	94	27	7
732	76	48	7
737	27	35	10
739	96	22	20
740	58	54	5
742	94	18	12
744	14	46	13
746	111	33	4
747	89	24	14
748	41	6	3
749	88	33	18
750	75	17	16
751	6	21	4
752	27	37	4
754	91	36	15
755	108	11	8
756	88	18	7
760	101	24	4
761	81	23	8
762	54	25	6
766	48	42	12
768	101	41	12
769	23	15	11
773	38	35	20
777	92	20	15
780	53	40	18
782	50	30	4
783	89	26	13
784	88	29	20
785	16	16	15
789	84	27	4
791	74	7	5
792	46	15	13
793	33	50	9
794	73	6	1
796	58	53	5
797	98	15	3
798	82	12	12
799	81	26	4
800	28	13	13
802	16	50	3
804	20	27	12
806	22	16	8
807	63	15	7
808	80	18	1
811	69	36	1
813	43	42	9
814	9	23	9
815	100	52	3
816	88	21	6
818	61	24	18
821	23	41	2
823	39	7	7
824	116	6	4
826	76	49	4
827	93	30	16
829	98	21	14
830	38	11	5
832	83	32	11
833	31	32	5
835	23	9	9
836	11	16	11
837	103	34	6
838	88	18	14
840	37	26	11
842	54	25	2
844	21	46	1
849	69	45	15
850	56	26	15
853	89	21	4
855	55	35	12
858	97	21	12
860	48	38	5
861	45	14	4
862	30	55	4
864	33	34	11
866	63	45	7
868	85	22	18
870	37	11	10
872	65	38	19
874	53	22	5
875	16	44	9
876	38	16	11
881	15	22	13
882	4	19	3
883	57	21	17
887	16	15	14
888	32	39	15
889	46	36	13
890	15	10	1
892	43	24	5
893	117	12	1
894	86	36	18
897	105	39	2
898	62	25	7
899	25	36	6
900	96	19	13
903	49	25	19
905	49	22	11
908	94	8	7
909	45	40	16
910	62	19	2
912	106	53	7
913	33	26	8
914	26	23	4
915	17	30	2
917	45	12	7
920	47	31	17
924	57	11	7
925	37	27	3
927	96	42	12
932	94	38	2
936	61	12	7
938	15	26	9
940	74	39	16
941	65	40	16
942	28	21	7
943	70	37	7
945	33	30	8
947	15	22	1
948	39	36	5
949	41	53	6
950	57	2	1
951	44	42	10
952	111	51	4
953	106	48	11
954	60	38	16
957	110	51	1
959	37	39	6
960	88	54	4
961	88	28	19
962	33	3	2
963	109	18	8
964	1	51	1
966	8	26	2
968	104	32	14
969	58	39	15
970	55	19	11
974	66	51	6
975	31	28	19
976	20	22	2
977	93	38	13
978	24	35	18
979	94	53	1
980	11	26	8
981	105	15	2
983	71	44	7
989	86	29	2
990	104	11	5
992	59	37	18
996	102	8	8
998	110	19	5
1000	21	21	15
1003	75	29	11
1006	73	49	1
1007	31	19	17
1009	55	19	18
1011	72	17	13
1012	46	40	10
1013	101	25	14
1014	66	20	10
1015	74	25	1
1016	88	19	7
1017	82	7	7
1019	22	22	10
1020	113	26	1
1021	45	27	4
1022	14	33	8
1023	80	24	18
1025	109	54	2
1027	12	16	8
1028	37	50	3
1031	27	6	2
1032	114	39	3
1033	75	33	2
1035	93	43	16
1037	12	45	9
1038	81	33	16
1040	63	24	5
1042	97	18	2
1047	52	20	13
1048	64	43	9
1052	63	8	2
1055	41	24	17
1059	60	29	2
1064	30	39	7
1066	66	4	1
1067	83	12	11
1068	37	16	12
1069	99	49	11
1071	67	49	7
1075	96	41	1
1076	85	26	13
1077	37	19	4
1079	90	24	4
1080	15	31	7
1082	88	22	20
1083	38	12	7
1088	39	45	6
1089	47	56	1
1091	95	33	17
1092	38	57	3
1094	51	37	14
1095	85	35	19
1099	53	47	1
1102	23	15	4
1103	112	48	8
1104	73	33	8
1105	104	45	4
1106	92	7	6
1110	43	34	3
1111	95	7	7
1112	38	33	18
1114	114	37	5
1115	14	26	4
1116	66	14	9
1120	49	44	13
1121	96	49	10
1122	41	45	14
1123	74	34	1
1125	106	13	4
1126	62	17	15
1127	38	24	17
1128	77	18	5
1129	51	25	3
1130	15	28	11
1131	18	31	5
1132	63	32	9
1133	24	45	7
1137	70	36	15
1140	20	50	1
1144	31	44	1
1145	18	9	4
1146	83	36	3
1147	52	21	19
1148	67	32	18
1151	55	29	3
1152	57	23	14
1153	10	45	2
1154	19	5	5
1156	62	41	16
1158	48	17	4
1159	88	39	17
1160	46	52	5
1161	58	28	14
1163	1	59	1
1165	5	37	5
1167	23	26	9
1168	84	26	16
1169	97	48	11
1170	48	13	4
1171	21	32	2
1172	103	40	16
1173	37	46	1
1175	61	33	10
1176	21	6	1
1177	45	6	3
1180	44	22	16
1183	50	44	10
1184	54	46	8
1186	29	6	2
1188	37	27	16
1189	86	21	12
1190	89	11	7
1191	60	51	7
1194	35	30	9
1195	92	31	8
1199	64	50	10
1200	13	41	7
1201	85	38	1
1203	69	8	4
1205	60	10	6
1206	64	42	9
1207	67	54	4
1209	31	32	1
1211	98	34	3
1212	83	29	10
1213	17	28	3
1215	51	48	4
1216	113	58	1
1218	52	23	18
1221	38	30	20
1222	33	34	6
1224	65	32	2
1225	98	56	1
1226	66	38	12
1227	107	20	10
1229	51	31	5
1231	65	21	5
1233	56	52	5
1236	51	28	14
1237	32	27	13
1241	22	34	5
1244	81	42	10
1245	93	53	7
1246	76	31	11
1247	22	37	7
1249	70	17	9
1250	105	13	6
1252	77	27	12
1256	92	29	7
1260	4	35	2
1261	91	5	4
1262	9	21	2
1263	34	25	5
1265	111	35	6
1266	53	49	2
1267	38	16	15
1270	90	20	11
1272	62	17	5
1273	96	29	11
1277	106	31	12
1280	58	15	14
1281	99	57	2
1285	97	46	4
1286	92	33	16
1288	27	42	18
1289	9	40	3
1290	78	43	1
1291	117	23	1
1293	93	26	14
1294	104	36	5
1296	75	27	2
1297	19	35	7
1299	66	20	19
1300	83	33	9
1302	84	32	7
1303	23	35	6
1305	112	6	2
1307	61	50	1
1309	16	49	10
1310	66	37	5
1311	17	13	1
1312	91	34	1
1316	29	29	15
1317	45	48	7
1318	99	10	8
1319	66	18	12
1321	61	39	18
1324	63	31	14
1327	39	28	3
1328	63	2	2
1329	58	37	19
1331	92	29	2
1332	69	18	17
1333	46	38	8
1336	34	46	3
1339	86	43	12
1340	27	19	19
1341	83	23	8
1342	31	7	2
1343	24	5	3
1347	11	41	1
1348	17	29	5
1351	93	36	2
1352	110	4	1
1356	39	24	2
1358	33	29	8
1359	75	27	14
1360	118	21	1
1362	80	10	5
1365	30	25	16
1366	85	14	14
1373	58	46	13
1377	67	54	5
1378	72	42	11
1381	40	24	4
1382	74	36	19
1383	24	36	7
1384	33	41	8
1385	109	52	6
1388	17	37	15
1390	11	48	11
1391	102	24	11
1392	61	12	12
1393	58	28	11
1395	86	42	11
1396	56	45	10
1400	51	25	8
1401	40	44	9
1405	88	29	15
1406	58	17	9
1409	65	22	6
1411	60	16	11
1412	15	12	3
1413	81	29	19
1414	40	46	13
1416	31	11	2
1419	81	25	6
1421	16	29	8
1423	40	56	3
1426	78	37	4
1427	4	17	4
1428	88	45	5
1430	44	35	9
1431	108	29	4
1432	85	17	13
1437	46	11	4
1438	68	31	8
1439	100	38	16
1443	46	51	9
1444	67	13	12
1445	109	41	5
1447	98	24	9
1450	15	45	3
1451	34	34	18
1452	66	12	2
1453	52	42	1
1455	105	42	8
1457	96	11	3
1462	72	43	7
1463	11	12	11
1464	83	19	5
1465	58	31	10
1467	89	43	3
1468	79	36	13
1471	87	43	8
1472	67	41	17
1474	108	31	2
1475	41	27	7
1476	37	29	1
1477	106	41	14
1478	44	26	14
1479	69	38	3
1480	51	32	7
1483	32	42	5
1484	44	8	6
1485	4	31	3
1486	50	29	11
1487	18	20	8
1491	62	26	13
1492	73	26	1
1493	47	39	9
1494	57	20	14
1496	101	44	7
1497	41	45	1
1498	64	34	15
1502	48	34	9
1503	42	25	19
1504	38	24	8
1507	101	20	10
1510	113	56	2
1512	30	3	3
1513	21	8	6
1515	1	49	1
1516	38	4	1
1517	68	16	15
1518	109	45	3
1519	45	45	11
1524	84	34	20
1525	40	26	13
1526	12	44	8
1527	10	16	1
1531	80	25	13
1532	38	30	15
1534	34	5	4
1535	32	29	16
1537	92	45	4
1538	59	54	6
1539	100	37	3
1540	37	46	11
1541	15	15	2
1543	30	25	8
1544	59	18	1
1547	95	33	13
1548	49	2	1
1550	19	31	15
1551	65	46	8
1552	108	31	5
1553	81	5	2
1554	34	46	9
1555	20	6	4
1556	22	35	17
1559	27	55	2
1564	35	24	15
1565	103	47	10
1566	41	28	20
1568	31	43	15
1571	101	19	2
1572	28	28	6
1573	80	27	17
1574	14	41	6
1575	74	30	13
1576	3	47	1
1577	41	31	15
1581	100	33	15
1582	40	38	2
1583	94	42	7
1586	15	54	2
1587	114	29	5
1591	68	30	18
1593	61	38	11
1595	27	8	2
1596	11	53	7
1598	74	12	2
1600	65	37	14
1601	62	47	1
1604	40	45	5
1605	97	39	12
1608	57	38	6
1612	20	16	4
1615	85	38	12
1616	77	45	2
1620	85	28	14
1621	50	28	4
1622	63	26	8
1624	112	53	6
1626	43	34	16
1627	55	24	14
1629	18	26	12
1632	25	46	2
1635	77	23	15
1636	85	36	19
1639	31	54	3
1640	97	19	6
1641	8	3	2
1642	45	9	9
1643	76	52	5
1644	80	28	16
1646	76	27	14
1647	81	13	6
1652	55	15	7
1653	17	50	1
1657	31	7	7
1658	61	53	3
1659	50	13	12
1660	105	33	4
1662	63	24	20
1664	32	54	3
1665	48	55	1
1666	103	21	12
1667	71	46	14
1668	49	45	4
1669	66	5	5
1670	34	43	13
1673	84	27	13
1675	47	22	15
1677	67	50	10
1678	90	23	13
1679	29	44	14
1680	96	50	3
1681	15	28	4
1682	59	41	7
1683	10	48	4
1684	6	37	3
1687	92	42	13
1692	85	26	4
1698	102	18	5
1701	85	37	6
1704	92	48	7
1707	38	21	20
1708	37	16	7
1709	25	56	3
1711	92	18	18
1712	103	22	4
1715	74	23	9
1717	66	32	6
1721	96	34	12
1723	27	45	7
1725	46	50	1
1728	15	6	6
1733	24	25	19
1735	34	19	3
1737	92	22	7
1741	116	27	3
1742	58	30	14
1743	61	45	3
1745	85	16	10
1746	42	41	8
1748	48	37	8
1749	45	29	12
1753	92	12	4
1754	88	25	16
1756	26	20	11
1758	92	42	14
1759	22	24	19
1762	111	33	8
1763	72	57	2
1767	30	31	14
1768	65	38	2
1769	31	33	5
1770	91	40	20
1771	106	13	1
1773	52	25	13
1774	101	22	4
1775	48	33	17
1776	99	17	5
1778	76	49	5
1779	88	30	7
1781	53	46	14
1783	24	37	1
1786	44	27	7
1788	102	15	8
1791	27	13	1
1793	47	20	3
1795	86	18	8
1796	14	28	1
1797	49	36	2
1799	15	46	8
1802	31	39	10
1805	10	49	2
1806	15	22	10
1808	23	33	12
1809	39	16	14
1811	87	10	1
1821	51	14	11
1822	63	24	3
1823	70	25	9
1827	67	16	16
1829	97	23	15
1830	72	24	8
1832	101	39	19
1840	32	33	1
1841	42	14	11
1842	29	13	5
1844	111	15	8
1845	6	17	3
1849	79	31	10
1850	43	21	5
1851	111	22	7
1854	86	21	11
1856	91	20	3
1857	54	23	11
1858	35	10	5
1859	14	40	4
1861	62	20	20
1864	80	37	17
1866	30	22	2
1867	5	25	2
1868	44	35	5
1871	110	11	5
1874	34	38	5
1875	35	11	1
1877	99	7	7
1879	28	42	14
1883	96	14	1
1884	101	18	15
1885	49	24	11
1886	79	18	15
1887	42	20	3
1888	111	57	3
1889	22	18	11
1893	68	34	12
1894	75	39	5
1896	66	47	13
1897	88	20	10
1901	85	13	6
1902	26	34	20
1905	53	24	19
1909	107	7	7
1910	41	24	6
1911	44	20	2
1913	73	50	10
1914	54	31	12
1916	8	27	6
1917	78	27	8
1918	78	54	3
1920	103	30	14
1923	75	25	12
1926	29	22	15
1928	49	33	9
1932	48	41	3
1933	114	26	4
1938	18	43	5
1940	22	42	5
1941	82	22	8
1942	27	41	1
1943	62	47	13
1944	48	28	6
1945	40	20	10
1947	40	40	12
1950	10	24	6
1951	44	42	9
1954	13	49	3
1955	34	46	4
1956	56	21	6
1958	86	39	7
1960	31	47	1
1961	30	48	3
1962	111	27	7
1963	53	24	7
1964	60	6	6
1965	42	28	13
1966	37	24	6
1967	85	50	9
1968	21	34	13
1969	46	21	14
1970	113	30	7
1972	68	21	15
1974	61	47	12
1975	38	51	2
1978	72	46	10
1980	87	12	9
1981	11	25	8
1982	38	8	8
1983	70	22	4
1985	101	45	8
1989	13	27	5
1991	59	40	1
1993	58	39	3
1995	87	56	2
1996	94	12	3
1997	37	9	4
1998	32	39	17
1999	12	10	4
2002	23	36	11
2003	115	7	5
2007	116	27	3
2009	76	11	4
2010	79	44	14
2011	28	31	4
2013	79	24	20
2015	21	11	4
2016	6	42	4
2018	25	11	2
2019	37	11	11
2021	32	15	11
2022	100	7	5
2026	58	11	6
2028	24	41	11
2031	115	15	1
2032	32	24	10
2033	68	12	2
2035	97	58	1
2038	15	48	11
2039	39	33	11
2040	21	23	4
2043	53	16	9
2044	4	23	2
2045	53	16	6
2047	33	48	6
2048	94	11	11
2049	38	32	14
2051	41	17	8
2052	62	30	7
2056	47	20	20
2057	3	22	3
2058	81	45	6
2059	95	9	3
2060	73	36	3
2061	68	18	16
2063	68	38	10
2065	67	8	3
2066	57	20	10
2067	91	32	20
2068	99	38	11
2069	96	30	4
2070	63	38	2
2071	79	28	20
2073	76	12	1
2075	83	49	10
2077	62	45	11
2079	24	22	3
2080	39	54	4
2082	47	32	20
2083	22	25	13
2084	27	23	11
2085	33	38	15
2090	80	26	9
2091	49	18	5
2093	112	20	5
2094	50	38	4
2095	83	38	15
2096	37	26	7
2097	89	25	13
2099	111	9	6
2101	107	30	1
2103	59	20	4
2105	35	16	7
2108	88	17	1
2109	67	49	1
2111	44	56	1
2112	86	14	8
2113	29	36	6
2114	17	23	8
2118	33	16	1
2119	42	47	9
2123	45	40	14
2125	50	38	10
2127	87	22	9
2128	87	21	18
2129	16	21	4
2130	16	32	8
2133	52	8	3
2136	31	24	9
2141	57	42	8
2144	44	11	3
2147	101	59	1
2148	78	30	15
2151	76	22	16
2152	73	13	8
2155	101	31	3
2156	59	10	10
2157	70	12	8
2160	99	34	14
2161	43	9	4
2163	105	47	11
2164	22	11	5
2165	100	11	2
2166	39	54	1
2167	112	43	3
2168	67	41	1
2170	52	11	3
2172	110	14	6
2173	97	40	15
2174	95	33	8
2175	27	4	2
2176	112	29	5
2178	37	25	12
2179	89	27	19
2180	83	5	2
2181	101	32	10
2184	50	42	9
2185	91	24	10
2187	91	29	9
2188	90	16	7
2189	21	18	15
2190	87	39	6
2191	26	52	4
2195	17	33	11
2196	105	11	5
2197	26	47	2
2199	18	45	10
2201	59	17	8
2202	97	43	9
2205	40	51	3
2208	27	18	8
2209	50	10	6
2210	23	53	5
2211	29	34	17
2212	80	43	11
2213	64	35	18
2214	46	23	17
2216	97	24	12
2222	76	44	14
2223	84	43	15
2224	83	38	13
2225	40	26	3
2227	39	38	4
2229	57	54	1
2231	28	16	5
2232	51	47	5
2233	54	20	3
2235	32	35	8
2236	22	4	4
2238	56	23	6
2239	50	22	4
2240	19	13	11
2241	107	45	3
2242	12	35	5
2243	55	26	11
2245	70	18	16
2246	76	40	11
2247	22	21	19
2248	31	19	1
2249	74	39	9
2250	37	11	10
2253	25	22	4
2254	91	49	1
2257	66	18	18
2258	53	53	1
2259	55	55	4
2260	99	19	7
2262	103	41	4
2263	82	44	11
2265	98	39	2
2266	21	26	15
2267	74	1	1
2275	40	29	1
2277	61	54	1
2279	71	13	13
2280	92	31	16
2282	76	31	7
2284	82	48	6
2287	91	15	10
2288	47	17	15
2289	102	50	5
2291	18	32	3
2293	13	21	1
2294	93	51	8
2296	108	12	7
2299	9	55	4
2300	105	28	3
2301	98	39	11
2303	58	36	15
2304	34	23	18
2307	49	25	7
2308	88	33	14
2309	84	27	8
2310	47	18	2
2311	9	38	2
2316	12	12	12
2318	38	33	7
2319	94	6	5
2320	116	35	1
2324	42	49	9
2326	95	20	10
2327	60	36	18
2329	71	18	11
2330	35	52	3
2331	31	20	9
2332	67	20	14
2334	100	43	4
2335	100	7	4
2336	15	14	7
2338	11	21	10
2340	23	40	13
2341	75	32	8
2343	77	25	16
2347	63	18	17
2350	53	22	16
2351	26	11	2
2352	100	20	18
2354	41	32	10
2355	37	34	4
2356	69	14	14
2358	105	17	11
2359	80	30	4
2361	75	22	6
2362	13	12	8
2364	70	16	15
2365	89	31	13
2366	83	36	16
2367	98	47	5
2369	58	25	1
2370	92	40	2
2373	31	16	7
2375	73	12	3
2376	110	7	7
2377	108	50	2
2378	40	38	4
2379	38	21	7
2382	78	13	13
2387	52	13	2
2390	10	43	8
2392	95	35	17
2397	12	20	10
2398	27	17	4
2399	43	16	13
2400	87	43	13
2401	40	18	8
2402	54	42	5
2403	49	55	2
2405	66	37	10
2406	95	19	11
2407	70	28	19
2409	17	22	5
2413	85	22	1
2417	86	38	4
2418	94	29	5
2419	51	37	6
2420	80	49	11
2422	19	19	19
2424	96	19	12
2426	57	54	5
2427	78	28	10
2429	53	33	14
2430	79	41	2
2432	71	50	1
2436	46	17	6
2439	82	20	6
2440	106	52	6
2441	73	38	6
2445	40	5	4
2446	103	4	2
2448	75	27	4
2450	31	26	5
2452	19	37	1
2453	19	28	19
2455	89	4	1
2458	35	37	3
2460	51	27	5
2461	57	2	1
2462	119	17	1
2464	94	19	9
2466	49	8	2
2467	38	42	4
2469	41	57	2
2471	69	38	9
2473	39	37	8
2474	33	39	18
2476	21	11	7
2479	101	35	15
2480	24	8	4
2481	62	19	19
2482	33	28	11
2483	46	11	8
2485	8	8	3
2486	66	36	4
2487	11	35	4
2488	99	7	6
2489	62	55	2
2490	93	28	12
2492	26	28	13
2493	106	16	7
2494	66	47	8
2496	80	3	3
2498	115	18	5
2500	37	46	6
2502	95	37	12
2503	86	48	6
2505	4	12	1
2508	49	35	15
2511	33	33	7
2512	12	10	4
2513	35	36	1
2515	56	32	14
2516	5	12	4
2518	89	33	18
2519	3	57	3
2520	79	46	3
2521	46	32	14
2522	88	33	2
2523	50	19	15
2525	89	47	5
2526	115	33	3
2527	45	36	11
2529	79	15	15
2530	64	40	5
2532	98	31	1
2533	64	28	8
2535	53	33	8
2537	104	31	8
2538	66	24	2
2539	64	17	5
2540	27	13	10
2541	54	29	10
2542	88	42	6
2547	78	31	7
2548	11	19	8
2549	93	51	3
2556	67	38	19
2557	21	17	11
2559	13	50	8
2561	83	24	17
2563	27	15	7
2564	13	46	6
2565	65	12	3
2567	21	42	7
2568	38	20	18
2569	19	28	15
2570	90	26	2
2571	38	25	12
2573	27	47	4
2575	110	16	6
2577	91	33	14
2580	97	29	14
2581	73	39	8
2582	85	36	10
2584	33	34	13
2585	16	39	8
2586	34	38	14
2587	34	13	9
2588	36	39	5
2591	32	53	7
2593	88	22	19
2595	80	26	16
2597	57	26	3
2598	73	11	1
2599	54	39	6
2602	25	16	7
2604	111	27	4
2606	44	10	7
2608	15	20	15
2609	14	36	10
2610	81	35	6
2612	66	50	8
2613	52	22	14
2614	70	18	7
2615	62	16	15
2618	98	29	14
2621	27	27	10
2625	89	42	2
2626	82	35	18
2627	108	52	2
2630	98	40	8
2633	11	35	3
2634	12	11	2
2637	97	23	8
2638	98	7	6
2641	61	40	16
2642	41	30	9
2643	113	30	2
2645	73	23	16
2649	26	46	1
2650	54	32	15
2655	54	41	15
2657	97	22	4
2659	79	26	16
2662	75	20	18
2664	24	59	1
2666	24	41	5
2667	87	27	14
2669	29	40	3
2670	24	23	10
2671	8	5	4
2674	106	14	9
2676	98	7	6
2678	56	9	2
2679	22	22	14
2680	34	27	20
2681	85	54	5
2682	63	8	2
2684	42	29	5
2685	69	15	15
2687	62	34	6
2689	61	30	9
2690	95	21	17
2691	35	30	20
2693	10	47	6
2694	76	27	3
2695	54	47	8
2697	78	31	14
2698	26	5	1
2699	25	24	12
2702	61	44	15
2703	73	24	5
2704	20	27	15
2706	17	38	8
2708	103	18	16
2709	76	45	10
2710	114	38	6
2711	99	30	15
2712	28	13	1
2714	57	40	10
2715	79	48	3
2716	100	39	4
2718	86	35	8
2724	85	48	1
2726	24	22	14
2731	46	15	8
2735	34	16	13
2736	96	16	2
2737	43	23	16
2739	96	14	12
2742	93	44	4
2743	97	20	2
2744	32	33	17
2746	12	35	10
2749	19	27	8
2750	6	21	6
2751	88	30	11
2752	13	6	2
2753	18	22	8
2755	30	26	16
2757	30	27	19
2758	71	32	15
2759	112	18	5
2761	70	38	5
2762	103	27	9
2765	38	44	7
2766	82	17	11
2768	26	41	18
2769	20	31	16
2770	73	32	16
2776	18	22	5
2777	10	2	2
2780	27	24	8
2783	60	28	12
2785	60	47	12
2788	71	17	6
2791	25	31	20
2792	28	20	12
2793	89	58	1
2795	54	31	18
2797	69	38	20
2800	97	14	4
2802	26	16	2
2803	115	5	3
2804	56	34	11
2806	51	5	1
2807	89	27	12
2808	110	1	1
2809	80	45	14
2810	14	27	12
2811	93	34	18
2816	42	5	2
2817	75	34	13
2826	109	43	8
2828	16	46	14
2831	39	46	2
2832	8	28	5
2835	51	34	13
2837	101	8	5
2838	95	16	10
2839	37	28	14
2840	37	33	2
2842	48	10	8
2843	22	21	9
2845	70	39	2
2848	103	34	8
2849	109	43	2
2850	71	46	5
2852	45	43	5
2853	42	37	6
2854	51	19	11
2857	35	35	8
2858	13	55	4
2861	50	39	16
2863	12	40	7
2865	90	34	18
2866	94	25	1
2871	95	27	7
2872	57	39	19
2873	110	58	1
2874	65	38	15
2876	38	19	17
2877	41	14	3
2879	64	21	4
2881	111	56	3
2882	60	21	14
2885	92	27	12
2886	62	49	11
2887	45	8	5
2889	47	22	10
2892	109	11	8
2895	88	27	19
2896	70	6	5
2897	47	28	12
2898	50	20	14
2899	108	36	5
2905	106	22	12
2906	48	27	17
2907	53	46	9
2911	32	50	2
2914	43	25	9
2915	83	41	18
2917	97	41	15
2918	90	24	4
2919	56	20	17
2922	90	12	12
2925	77	26	6
2926	52	36	3
2929	56	36	3
2931	22	25	7
2932	15	35	8
2933	10	33	9
2935	44	44	16
2936	18	25	12
2937	27	51	2
2939	84	28	3
2940	53	40	10
2941	97	13	2
2943	66	52	4
2945	75	34	3
2948	117	15	2
2951	113	53	4
2952	78	21	19
2955	54	20	4
2956	101	34	10
2957	47	32	4
2959	76	13	4
2960	12	47	10
2961	113	23	5
2962	38	27	6
2963	46	33	2
2965	65	48	3
2968	104	51	9
2971	76	47	6
2976	43	24	20
2977	46	18	9
2978	39	38	14
2979	82	41	6
2980	98	39	12
2983	90	26	9
2989	116	32	1
2991	41	33	16
2993	63	34	17
2994	103	47	7
2997	60	33	19
2999	67	17	3
3000	78	36	5
3002	89	20	4
3004	15	19	6
3005	106	12	1
3006	84	15	9
3007	112	52	1
3008	84	20	17
3009	13	19	10
3010	70	29	18
3011	52	32	20
3012	24	15	2
3013	23	34	8
3014	19	54	2
3015	82	23	16
3016	72	14	5
3017	107	24	9
3020	112	12	8
3021	33	8	5
3022	112	31	3
3023	26	36	4
3025	10	35	2
3026	96	37	9
3031	36	24	15
3032	116	39	3
3034	110	29	2
3035	80	41	5
3036	64	48	12
3038	73	24	6
3039	115	8	5
3040	43	38	10
3041	17	20	3
3043	15	27	13
3045	86	28	15
3047	25	9	6
3051	45	45	1
3052	16	45	2
3053	62	23	11
3054	89	16	6
3057	23	16	14
3058	76	33	3
3060	20	28	5
3062	72	23	2
3065	40	43	12
3066	109	18	9
3067	58	43	2
3069	78	36	4
3070	6	40	3
3071	103	51	7
3072	23	30	20
3075	73	31	2
3076	113	44	7
3079	95	27	11
3080	101	8	3
3081	48	43	13
3084	93	37	5
3085	33	55	2
3088	116	24	4
3090	24	39	4
3091	95	46	7
3092	56	14	9
3093	42	25	3
3095	75	41	19
3097	118	22	1
3098	60	35	11
3099	53	18	15
3101	41	43	1
3103	56	22	4
3104	28	28	18
3105	17	31	13
3108	37	48	6
3110	89	24	6
3113	23	9	7
3114	27	39	16
3115	88	20	13
3118	60	40	9
3119	91	32	9
3121	79	46	12
3122	34	30	17
3123	10	11	9
3124	112	16	4
3127	26	39	1
3128	96	45	1
3131	7	7	4
3132	28	31	12
3137	51	23	1
3139	80	44	5
3140	93	24	19
3141	33	24	13
3142	40	28	16
3143	91	48	1
3144	62	37	6
3145	69	31	1
3148	74	46	14
3150	93	5	1
3151	10	50	2
3154	76	16	7
3155	31	52	1
3156	96	46	4
3157	59	50	7
3159	11	17	4
3164	94	10	3
3165	49	40	12
3166	95	25	5
3172	88	36	5
3175	59	41	6
3176	39	18	12
3177	44	31	3
3178	107	16	10
3179	61	21	17
3180	81	46	13
3181	107	31	7
3182	91	34	20
3185	105	53	1
3186	89	43	15
3192	87	38	4
3193	85	41	9
3194	96	43	7
3196	103	11	7
3197	62	42	4
3199	78	45	12
3204	83	46	14
3205	72	3	2
3206	88	36	13
3207	80	41	2
3209	77	25	11
3210	102	39	7
3211	96	23	18
3212	76	7	5
3213	42	29	20
3214	34	19	3
3215	60	14	11
3217	20	37	13
3218	39	36	14
3221	17	43	11
3224	57	35	18
3226	16	13	9
3227	95	19	19
3229	38	26	13
3231	57	18	11
3233	25	24	17
3234	42	24	1
3235	3	50	1
3236	103	46	6
3240	37	44	9
3242	104	45	5
3243	47	41	6
3244	117	28	1
3245	106	24	6
3247	44	39	9
3248	29	38	11
3249	11	26	9
3251	110	27	8
3252	91	27	10
3254	39	19	19
3255	101	42	6
3257	52	15	8
3258	114	59	1
3260	98	30	17
3263	41	40	19
3264	31	37	15
3265	103	7	3
3269	34	41	10
3271	106	27	2
3274	35	30	6
3275	99	29	6
3276	104	23	8
3280	57	23	17
3281	25	22	1
3284	95	47	3
3285	100	46	7
3286	50	21	9
3287	107	52	1
3288	112	32	2
3289	29	20	1
3291	45	46	13
3292	101	41	10
3293	91	35	16
3298	35	6	1
3301	53	21	1
3303	18	44	10
3305	102	11	7
3306	107	46	4
3308	36	17	9
3310	116	39	1
3312	2	14	1
3315	15	56	4
3318	66	29	9
3331	53	18	4
3336	89	33	12
3337	112	22	1
3338	52	38	9
3339	65	35	2
3340	114	20	5
3341	105	38	12
3343	34	40	20
3344	42	40	20
3346	46	25	17
3348	54	8	7
3350	74	44	8
3351	81	26	1
3354	78	21	2
3356	85	47	7
3358	57	13	10
3359	97	42	18
3361	85	37	18
3362	88	10	3
3367	90	19	2
3368	58	12	8
3369	78	48	4
3372	82	43	4
3373	25	22	6
3374	54	36	8
3379	10	17	10
3381	51	11	1
3389	73	37	15
3393	30	49	8
3394	28	21	17
3395	38	38	15
3397	93	27	7
3398	50	49	9
3400	19	7	4
3401	54	30	19
3402	55	15	11
3404	105	29	2
3406	43	43	11
3407	62	29	17
3408	51	27	8
3409	112	28	6
3411	54	49	7
3413	29	51	6
3414	95	23	1
3415	76	12	10
3416	23	21	16
3421	21	41	19
3422	38	6	2
3425	37	16	6
3431	82	56	1
3432	103	30	17
3434	88	20	2
3435	80	16	2
3436	92	40	11
3437	45	19	1
3439	15	14	11
3440	74	28	17
3442	28	17	16
3445	87	45	7
3447	36	44	8
3448	58	21	20
3449	52	31	19
3451	78	47	4
3452	96	44	15
3454	12	49	6
3455	94	34	16
3456	46	34	7
3457	16	40	12
3459	91	26	8
3460	53	21	11
3462	77	13	1
3465	67	8	2
3470	55	54	3
3473	72	9	8
3475	106	17	14
3478	78	28	8
3481	58	15	3
3482	5	28	2
3484	105	14	7
3486	20	43	4
3487	52	16	9
3488	25	55	2
3489	103	28	8
3490	47	25	20
3491	91	8	4
3492	44	16	16
3495	23	20	14
3497	83	35	19
3501	109	27	8
3502	87	41	4
3504	111	31	8
3506	78	45	12
3509	113	22	2
3511	87	34	13
3512	88	25	5
3513	104	38	4
3514	94	25	6
3516	103	51	4
3518	74	9	3
3521	62	42	15
3522	93	35	5
3523	18	6	3
3525	10	20	3
3526	34	32	2
3528	43	41	5
3529	43	18	5
3530	82	5	1
3534	20	49	5
3535	98	51	5
3536	71	41	5
3537	109	9	5
3539	85	28	18
3540	42	41	15
3545	41	40	12
3546	17	8	3
3547	50	20	9
3548	17	8	2
3549	51	44	8
3551	83	40	19
3552	55	55	1
3555	23	13	1
3558	68	36	20
3559	50	20	4
3560	57	13	6
3561	52	17	14
3564	115	35	1
3565	72	21	5
3571	38	37	10
3572	73	34	1
3573	55	41	12
3574	47	20	2
3575	13	35	1
3578	14	46	14
3579	61	25	4
3580	78	48	4
3586	46	47	1
3588	109	52	6
3589	22	43	10
3595	111	24	2
3596	61	40	16
3598	33	4	4
3599	29	28	5
3601	56	34	6
3602	24	36	4
3603	18	43	14
3604	62	39	13
3606	98	29	14
3609	91	48	9
3611	77	9	5
3613	108	17	11
3615	80	12	3
3619	103	9	9
3620	86	50	2
3622	61	46	3
3624	44	38	19
3625	94	43	15
3626	78	37	8
3627	58	3	3
3630	109	29	7
3631	113	51	7
3632	8	50	7
3634	41	22	8
3635	79	16	6
3636	16	33	13
3637	71	42	11
3638	71	52	6
3639	78	39	18
3640	61	56	3
3641	62	37	11
3647	81	20	17
3648	107	52	2
3649	21	29	12
3651	32	33	5
3654	51	33	18
3655	103	28	15
3656	26	42	13
3659	76	4	1
3663	75	16	13
3665	54	30	7
3668	34	29	15
3670	59	20	4
3671	91	24	15
3672	7	51	3
3673	90	43	9
3675	86	35	2
3676	100	43	17
3677	70	17	13
3678	16	43	7
3679	107	50	8
3682	99	9	6
3683	57	23	18
3685	21	30	18
3686	29	25	9
3687	55	28	8
3689	36	42	13
3692	70	36	10
3696	47	47	4
3697	84	39	3
3698	103	38	17
3699	50	15	3
3700	107	29	2
3701	93	45	4
3702	99	23	16
3703	74	21	12
3704	76	17	14
3705	103	14	2
3706	90	48	11
3707	78	39	3
3709	40	56	4
3711	41	7	7
3712	94	42	4
3713	65	43	3
3714	73	38	5
3715	93	27	11
3720	72	29	1
3723	86	9	3
3726	17	56	1
3728	105	21	8
3729	6	16	3
3730	57	6	3
3731	63	21	13
3733	113	44	3
3734	88	37	1
3735	61	40	4
3736	15	12	5
3742	50	19	13
3743	91	41	1
3744	105	31	12
3745	75	27	10
3747	98	43	4
3748	73	32	19
3749	26	38	13
3750	43	32	2
3752	66	20	12
3753	18	29	14
3754	78	24	16
3757	57	36	5
3759	20	17	14
3761	29	15	15
3762	22	19	16
3768	16	22	5
3769	95	30	8
3770	104	35	7
3775	109	25	1
3776	6	37	2
3777	67	33	11
3779	108	31	9
3780	98	42	7
3782	101	26	4
3783	15	4	4
3784	41	30	20
3785	78	8	7
3787	55	46	4
3788	35	20	10
3789	24	30	17
3790	14	38	6
3791	23	44	5
3794	12	20	11
3795	112	38	7
3797	59	37	2
3798	53	15	1
3801	2	45	2
3802	42	36	15
3803	21	39	4
3804	48	57	3
3805	102	36	11
3807	77	42	7
3808	72	22	18
3811	49	28	10
3813	41	28	12
3814	41	38	13
3816	56	14	8
3817	46	42	8
3818	76	21	12
3819	61	36	9
3822	79	24	14
3823	30	25	13
3827	85	35	7
3828	23	35	14
3830	63	54	2
3832	108	28	4
3833	85	24	4
3835	105	16	5
3836	87	43	3
3837	24	41	14
3839	95	37	4
3842	80	39	7
3843	74	28	20
3844	90	7	3
3849	40	33	10
3850	107	28	13
3854	25	15	10
3855	19	14	12
3856	6	17	1
3861	31	16	14
3863	68	25	10
3865	51	22	15
3867	8	13	8
3869	98	16	2
3870	29	30	13
3871	66	44	2
3872	39	12	12
3874	76	14	14
3876	10	15	9
3878	86	24	6
3880	55	24	15
3883	77	29	2
3885	22	45	10
3888	55	16	7
3889	58	26	10
3891	51	22	4
3893	13	16	3
3896	45	32	8
3897	67	22	8
3898	96	27	7
3902	16	17	9
3904	20	29	12
3905	58	19	7
3906	118	30	2
3908	21	36	20
3911	50	17	5
3912	17	36	2
3914	76	34	5
3915	4	12	2
3916	80	13	6
3917	101	7	1
3918	63	51	4
3919	82	41	15
3920	96	4	2
3921	87	35	8
3922	48	36	12
3923	32	22	6
3925	52	55	3
3926	85	36	4
3927	47	40	12
3929	55	34	20
3936	5	31	5
3938	66	28	12
3940	24	30	19
3942	97	46	2
3943	49	43	8
3944	32	38	5
3945	61	5	5
3946	21	18	13
3947	21	29	2
3949	91	10	7
3950	94	11	4
3951	89	56	4
3954	38	29	7
3957	66	27	5
3958	34	5	4
3961	94	10	9
3962	27	45	1
3963	51	43	5
3964	29	6	1
3965	51	15	2
3966	79	42	6
3967	28	54	6
3969	89	31	4
3970	72	39	11
3972	61	36	20
3973	68	24	1
3975	112	16	6
3978	55	53	3
3979	104	17	8
3981	86	38	12
3983	84	27	17
3985	43	37	5
3988	16	36	4
3989	41	42	16
3991	51	10	10
3993	29	28	18
3996	70	20	2
3997	38	37	15
3998	56	14	3
3999	22	12	4
4001	80	25	5
4003	85	17	7
4009	103	26	8
4011	38	11	5
4014	90	25	3
4016	89	45	1
4017	10	4	1
4019	41	34	3
4021	103	28	2
4023	49	23	17
4024	86	26	15
4025	90	16	10
4026	31	20	16
4031	61	32	10
4033	111	29	4
4034	55	28	16
4037	105	5	4
4041	28	35	13
4042	45	29	12
4043	13	9	5
4044	31	28	17
4045	11	53	6
4046	74	12	8
4049	37	25	19
4054	90	19	17
4058	23	39	19
4062	57	16	15
4067	6	4	4
4068	99	24	6
4069	66	40	6
4070	30	44	7
4071	59	39	5
4072	30	5	2
4073	19	31	13
4076	97	10	4
4077	10	44	5
4079	103	43	6
4080	24	39	20
4083	57	46	11
4084	86	38	11
4085	91	36	15
4086	92	32	4
4088	39	34	1
4089	49	35	19
4090	16	24	2
4093	42	26	6
4095	69	6	3
4097	58	11	5
4099	76	55	3
4101	82	24	3
4102	21	18	14
4103	80	37	13
4104	93	53	5
4107	54	40	16
4109	67	13	1
4111	3	8	2
4112	110	11	5
4115	104	42	4
4117	70	28	13
4119	18	28	13
4122	105	10	7
4123	102	51	3
4124	54	27	16
4128	22	44	6
4131	50	30	7
4133	101	10	7
4135	13	17	7
4136	40	18	1
4138	85	29	13
4140	95	46	8
4141	59	11	6
4142	36	15	13
4147	74	33	5
4148	75	30	9
4149	99	34	11
4151	101	31	1
4152	111	23	8
4154	43	22	6
4162	26	32	9
4163	108	12	6
4169	43	11	9
4171	23	24	5
4172	103	20	5
4173	78	52	2
4174	22	12	2
4175	58	29	13
4176	93	46	2
4179	100	24	13
4182	35	30	6
4183	56	51	9
4185	55	23	16
4187	104	41	5
4189	85	38	12
4190	17	12	1
4191	33	29	9
4194	89	18	12
4195	35	40	6
4198	63	35	4
4200	60	22	20
4203	96	14	11
4207	22	12	12
4209	15	34	10
4210	32	43	12
4211	88	6	5
4212	82	40	9
4214	80	51	7
4215	98	18	11
4216	70	46	7
4221	13	22	7
4223	41	15	5
4224	43	23	19
4229	100	56	1
4232	100	31	4
4234	76	25	18
4235	63	21	20
4237	35	31	7
4238	82	55	1
4241	27	11	2
4242	29	36	10
4243	53	32	16
4245	68	49	5
4246	87	20	4
4247	37	20	2
4248	53	51	5
4252	23	53	3
4254	100	44	7
4258	74	30	11
4259	45	22	7
4260	25	23	10
4261	68	33	18
4262	66	37	2
4266	100	39	9
4269	70	46	8
4270	52	45	5
4271	21	32	3
4272	96	14	1
4273	93	36	18
4274	67	4	3
4276	42	23	7
4280	118	49	1
4282	25	18	13
4283	29	6	1
4284	100	14	1
4285	97	29	2
4286	41	12	12
4287	60	35	14
4288	46	27	15
4289	75	16	15
4290	100	24	14
4292	46	29	7
4293	101	35	4
4294	74	42	1
4295	27	49	4
4296	75	40	14
4299	66	14	5
4301	71	13	4
4303	88	45	1
4314	96	21	17
4315	39	43	15
4316	113	41	4
4317	55	29	7
4318	108	44	2
4320	94	6	6
4321	113	57	3
4322	101	40	12
4323	15	45	11
4325	56	35	14
4326	14	54	1
4327	27	22	3
4330	50	28	15
4331	62	37	15
4332	59	35	2
4337	103	16	8
4338	53	48	10
4340	99	45	12
4342	100	41	18
4343	97	40	2
4348	99	34	11
4349	112	42	4
4352	25	32	5
4354	96	30	16
4358	40	26	16
4359	66	32	19
4363	37	49	5
4365	106	19	2
4367	96	15	9
4368	76	24	16
4369	43	17	9
4370	33	35	9
4371	55	9	7
4373	47	38	5
4376	44	44	10
4378	107	11	5
4379	110	16	1
4384	42	51	1
4385	105	21	2
4387	75	33	19
4388	71	26	2
4392	36	45	11
4395	19	53	5
4396	92	40	10
4397	27	28	7
4398	42	36	9
4399	33	27	18
4404	37	30	8
4407	109	34	6
4408	41	37	17
4409	102	14	4
4411	74	38	20
4412	56	58	1
4414	98	32	8
4417	85	4	2
4419	58	27	9
4421	8	35	8
4423	52	13	8
4424	42	41	2
4425	70	24	5
4427	118	2	1
4428	76	8	2
4429	42	8	4
4430	49	33	17
4431	21	37	3
4432	9	13	4
4433	55	26	1
4434	73	23	8
4435	100	32	11
4445	87	10	3
4448	83	50	7
4451	75	31	20
4453	79	23	7
4455	42	45	3
4458	105	27	1
4460	51	40	13
4461	75	31	2
4462	20	24	11
4463	17	30	13
4464	31	16	12
4465	106	7	3
4466	71	32	8
4468	55	32	20
4471	65	28	11
4472	101	46	11
4473	90	16	14
4474	90	31	16
4477	19	49	4
4479	34	36	7
4481	108	26	3
4484	75	32	8
4486	14	55	2
4487	81	18	10
4488	79	15	10
4489	54	7	4
4490	113	10	1
4493	113	20	2
4494	64	38	14
4498	57	33	5
4502	75	33	18
4503	22	22	7
4505	84	40	17
4506	33	31	3
4507	84	37	13
4508	14	49	11
4511	70	14	10
4512	55	35	18
4513	80	15	12
4514	75	9	1
4518	42	5	2
4521	112	56	4
4522	59	19	3
4523	55	21	19
4525	81	55	5
4526	79	37	15
4527	64	27	6
4528	8	17	8
4529	89	37	13
4532	73	43	2
4535	15	30	13
4536	36	50	6
4539	47	45	11
4540	61	15	4
4541	60	32	14
4542	54	49	1
4543	67	40	15
4544	90	24	7
4549	98	53	5
4552	10	5	5
4554	35	15	6
4556	31	32	8
4557	92	11	10
4558	63	30	9
4560	94	40	8
4562	17	27	17
4563	39	40	7
4564	104	12	5
4566	96	31	5
4567	74	35	9
4571	82	45	7
4574	55	18	9
4575	17	16	4
4576	63	54	1
4578	64	29	11
4579	17	26	1
4580	55	39	20
4581	99	51	6
4583	70	23	12
4584	98	52	3
4585	70	46	14
4586	44	8	6
4587	21	38	13
4588	34	23	8
4589	115	56	1
4592	112	29	5
4593	10	39	3
4594	82	35	2
4597	7	48	7
4598	97	15	10
4599	83	25	3
4600	16	34	6
4601	94	18	14
4602	66	18	5
4606	8	36	7
4607	40	28	18
4609	79	50	6
4610	78	17	17
4615	44	30	10
4616	48	8	6
4618	73	25	1
4620	101	52	3
4621	58	47	1
4624	108	32	12
4625	19	28	17
4629	101	19	12
4630	7	23	6
4635	62	15	7
4636	65	31	8
4637	18	34	18
4638	82	49	10
4643	55	24	17
4648	13	26	2
4649	45	44	16
4651	29	19	8
4652	20	20	13
4653	67	26	10
4654	52	39	13
4655	112	34	3
4656	26	39	16
4657	114	13	2
4662	10	46	6
4667	24	31	14
4671	56	44	6
4674	23	42	14
4676	85	47	12
4682	43	14	12
4686	27	49	8
4687	88	24	16
4688	37	7	6
4693	86	18	6
4694	61	42	16
4698	105	44	12
4699	46	16	4
4701	78	34	20
4704	54	44	6
4706	85	4	3
4708	88	49	10
4709	100	52	5
4710	53	16	12
4712	39	39	2
4715	49	43	1
4717	107	4	1
4719	17	6	6
4720	83	42	1
4721	28	44	9
4723	67	32	11
4727	78	20	8
4730	114	58	1
4731	43	51	5
4732	107	16	3
4733	40	27	12
4734	87	26	16
4737	28	17	7
4739	83	18	12
4741	35	25	13
4743	107	39	12
4746	41	3	2
4747	109	33	5
4751	70	47	10
4752	42	56	1
4753	39	33	1
4755	10	23	4
4756	97	13	7
4758	74	34	13
4760	35	38	17
4762	86	33	20
4763	9	43	3
4765	27	36	6
4766	29	42	9
4767	79	44	7
4769	41	52	1
4770	54	42	3
4771	56	18	3
4773	44	20	19
4774	77	31	6
4775	14	43	8
4779	65	13	6
4780	94	28	19
4781	19	29	15
4782	95	6	3
4783	60	17	8
4786	44	28	4
4787	17	40	2
4790	108	21	1
4791	60	45	11
4792	97	29	14
4796	85	38	4
4798	47	47	10
4800	69	15	9
4802	69	14	2
4803	40	33	13
4804	85	10	1
4806	5	34	2
4807	97	23	8
4812	90	16	3
4819	35	49	3
4822	65	54	6
4823	85	25	15
4824	104	45	2
4825	30	9	7
4827	54	17	12
4830	101	25	9
4831	17	35	15
4833	53	54	1
4836	113	8	4
4837	29	38	9
4843	22	56	1
4844	32	26	15
4846	18	46	5
4849	53	50	1
4850	51	35	3
4851	79	50	10
4853	79	15	6
4856	93	8	8
4859	16	40	1
4860	32	9	7
4861	28	46	4
4864	21	22	3
4865	60	16	16
4868	90	29	15
4869	19	14	8
4870	17	14	12
4871	91	23	18
4872	55	35	12
4874	71	30	12
4876	25	19	8
4877	109	23	6
4878	39	44	16
4879	89	13	1
4880	7	44	5
4881	27	49	10
4884	103	12	11
4885	86	35	16
4889	79	44	8
4890	110	55	4
4893	90	46	9
4896	102	25	9
4897	39	22	13
4898	12	24	12
4900	79	24	8
4902	84	43	8
4903	23	36	13
4905	57	49	8
4909	104	19	16
4910	63	35	4
4911	39	27	19
4913	114	49	1
4914	57	42	16
4915	85	36	1
4917	84	30	5
4919	76	31	1
4922	10	40	1
4923	80	36	18
4924	74	23	1
4925	79	16	11
4927	41	27	17
4928	81	37	7
4929	54	45	15
4930	42	49	1
4931	61	18	16
4934	106	13	13
4935	104	44	16
4937	103	43	17
4938	32	42	17
4940	89	57	3
4943	93	29	8
4945	48	52	3
4947	23	11	3
4948	30	29	3
4949	35	55	3
4954	37	30	3
4957	81	16	14
4958	28	33	14
4959	61	32	6
4961	16	39	9
4964	62	25	2
4965	48	42	17
4966	39	30	19
4967	31	58	1
4969	94	43	12
4970	81	48	11
4972	20	20	13
4975	102	28	7
4977	47	38	10
4978	60	29	20
4982	12	42	4
4984	116	33	4
4985	103	28	8
4991	43	18	12
4992	42	19	8
4997	6	52	3
5000	57	39	7
5002	89	26	19
5011	45	6	6
5014	24	22	4
5015	18	15	12
5016	7	35	2
5017	90	19	14
5018	46	35	17
5019	51	20	1
5020	114	6	2
5021	62	42	12
5022	89	30	19
5024	69	35	11
5026	89	8	8
5029	95	25	4
5030	113	55	3
5031	20	34	4
5035	54	41	15
5039	71	27	12
5040	72	32	18
5042	88	1	1
5046	58	40	14
5047	41	49	2
5049	109	23	5
5050	81	47	1
5053	60	17	2
5054	79	25	2
5055	33	11	5
5056	88	31	1
5059	68	30	17
5060	72	13	3
5061	82	32	3
5065	104	49	6
5066	92	27	11
5067	87	30	6
5068	26	10	9
5069	10	25	2
5070	20	43	12
5071	39	37	12
5072	47	27	3
5073	44	16	5
5074	54	40	2
5076	44	38	6
5077	83	58	2
5080	82	36	10
5081	50	34	18
5082	93	16	2
5085	36	16	9
5087	21	16	9
5089	60	56	1
5093	113	57	2
5095	40	50	5
5096	106	44	7
5099	108	23	7
5101	22	4	4
5102	48	54	1
5106	81	18	4
5107	82	44	10
5108	49	12	8
5109	27	33	2
5110	72	7	3
5111	55	34	6
5112	59	26	2
5115	13	47	4
5117	25	42	18
5122	72	8	3
5123	66	38	6
5127	109	5	4
5128	65	36	16
5129	57	30	7
5133	102	32	11
5134	64	48	7
5135	81	50	10
5137	64	9	7
5138	14	29	14
5140	57	26	16
5141	8	44	7
5142	13	14	6
5143	100	25	8
5146	76	50	4
5147	53	36	12
5148	80	42	15
5149	42	9	2
5150	85	36	9
5154	54	25	9
5156	73	43	6
5158	33	24	3
5161	47	35	11
5162	43	39	16
5163	110	16	1
5165	43	38	4
5169	64	14	4
5170	85	13	5
5171	86	24	10
5176	38	23	12
5177	43	18	3
5178	62	13	4
5179	54	52	1
5180	93	24	19
5181	22	27	14
5185	21	48	6
5189	40	9	4
5191	74	19	9
5192	9	34	2
5193	49	27	4
5195	13	58	1
5197	47	12	10
5199	80	32	9
5200	64	8	3
5202	104	40	9
5203	20	35	20
5204	61	26	1
5207	72	54	4
5208	76	28	1
5209	84	51	8
5213	108	28	9
5214	26	19	5
5215	15	32	9
5220	20	39	8
5221	59	34	1
5226	35	38	4
5227	97	17	17
5228	54	24	14
5231	89	38	20
5232	45	32	13
5233	85	34	2
5234	18	21	10
5235	26	19	5
5236	21	45	2
5237	72	30	14
5238	11	28	10
5239	97	8	8
5240	19	26	19
5241	52	14	4
5243	97	20	9
5244	109	8	7
5245	85	38	18
5247	77	10	8
5250	50	21	17
5255	28	15	7
5256	84	22	11
5258	65	50	3
5260	108	51	8
5263	105	7	3
5264	92	15	8
5265	74	43	9
5268	31	23	17
5270	11	6	5
5272	43	27	3
5274	24	26	17
5275	45	41	5
5277	76	12	5
5279	54	22	14
5280	43	30	6
5281	101	49	8
5282	52	19	13
5284	19	26	14
5287	73	36	17
5288	86	8	5
5289	88	22	1
5291	26	35	15
5293	38	39	11
5295	25	54	1
5296	12	53	5
5298	35	41	7
5300	11	9	1
5302	91	16	6
5304	74	54	4
5305	12	35	8
5308	69	11	9
5309	43	37	9
5310	30	15	5
5311	73	34	14
5312	31	27	4
5313	108	11	7
5314	64	44	4
5315	102	32	7
5316	63	39	7
5318	105	15	13
5319	104	32	4
5320	46	12	1
5321	64	31	6
5323	68	18	11
5325	56	16	7
5329	62	42	18
5330	8	38	8
5333	63	18	11
5334	35	19	17
5335	58	11	11
5336	83	28	9
5337	49	56	4
5338	67	11	2
5339	87	24	8
5342	63	5	1
5344	76	19	9
5345	36	23	16
5349	87	22	15
5350	56	29	11
5352	63	43	10
5353	108	25	3
5354	91	10	1
5358	60	6	3
5360	17	29	2
5361	97	18	15
5363	78	14	11
5365	63	23	7
5368	85	45	13
5370	20	31	9
5371	76	20	10
5374	9	18	6
5375	41	27	10
5376	72	58	1
5377	102	44	5
5379	22	42	12
5380	21	36	1
5381	93	22	5
5383	23	42	8
5385	35	15	9
5387	112	15	5
5388	111	25	2
5389	29	35	6
5393	27	17	7
5395	57	13	5
5396	35	35	16
5398	66	38	2
5399	85	12	8
5403	82	44	8
5404	14	48	9
5405	15	41	7
5406	95	51	5
5407	56	18	3
5409	25	25	15
5412	92	14	12
5414	61	22	5
5415	59	35	19
5417	95	31	18
5418	98	27	3
5419	29	14	5
5420	96	26	11
5421	45	23	3
5423	80	35	18
5424	26	34	9
5427	29	22	14
5428	57	38	20
5431	46	27	6
5432	99	29	10
5434	12	31	5
5435	91	5	2
5436	82	14	4
5437	48	56	2
5438	19	27	10
5439	54	30	5
5441	34	50	10
5442	25	18	5
5443	64	18	7
5445	103	27	7
5447	61	15	4
5449	21	22	3
5454	8	34	2
5455	67	18	13
5456	18	20	4
5457	12	12	1
5458	79	20	17
5459	65	18	10
5461	15	31	7
5463	55	39	15
5466	56	8	5
5467	45	37	11
5468	81	18	1
5470	6	16	3
5474	114	28	5
5476	48	28	11
5478	15	15	12
5480	90	42	2
5482	33	22	5
5483	52	14	9
5484	62	26	10
5485	71	33	2
5489	70	21	14
5490	26	38	10
5491	47	30	9
5493	58	38	20
5494	42	26	1
5495	52	45	11
5496	90	39	8
5498	38	14	7
5501	95	24	4
5502	32	23	16
5503	31	35	18
5506	82	18	4
5507	16	41	4
5508	78	28	10
5512	36	51	3
5513	75	33	14
5514	10	12	8
5515	24	16	6
5516	99	18	9
5519	22	42	7
5521	21	50	4
5522	78	18	11
5526	88	24	9
5527	24	38	18
5529	92	54	6
5531	54	20	4
5534	43	21	14
5535	117	21	2
5536	21	13	8
5537	16	20	7
5538	91	20	2
5539	82	46	14
5540	91	35	16
5542	69	53	4
5544	73	17	2
5545	32	35	19
5546	31	19	15
5548	44	19	15
5549	86	38	12
5550	76	30	1
5551	92	2	1
5555	61	43	2
5556	43	12	9
5557	76	55	4
5558	63	28	18
5561	78	23	20
5562	99	46	8
5563	84	33	15
5565	115	51	1
5567	54	41	18
5569	39	38	9
5572	79	16	13
5574	60	7	2
5576	73	27	13
5577	20	34	8
5582	8	26	1
5583	6	56	2
5584	96	48	11
5587	57	12	1
5590	114	35	2
5592	99	57	3
5594	86	33	4
5595	20	41	17
5597	31	3	2
5599	100	13	7
5605	36	22	15
5607	45	18	4
5609	38	30	15
5610	82	30	13
5612	33	30	14
5615	95	49	10
5616	55	45	12
5617	95	16	13
5618	30	34	19
5620	64	22	5
5621	45	34	16
5622	49	38	6
5623	114	31	1
5626	59	41	11
5627	76	39	11
5632	48	34	12
5633	20	31	20
5635	22	30	4
5637	69	18	7
5639	45	14	5
5640	24	28	19
5641	111	53	4
5642	79	36	13
5643	51	5	4
5644	92	34	8
5647	54	50	1
5648	83	20	8
5649	58	14	7
5650	18	24	3
5653	41	16	12
5654	62	41	12
5655	75	33	7
5659	108	14	5
5661	49	18	6
5664	55	13	3
5669	64	43	12
5670	31	57	3
5672	88	6	3
5673	69	31	6
5674	47	27	3
5675	53	30	10
5677	46	56	1
5678	32	20	10
5680	45	36	16
5684	13	38	8
5685	106	29	11
5686	11	31	1
5687	9	34	1
5691	89	16	7
5692	32	32	13
5693	49	30	18
5695	46	40	18
5696	59	16	9
5698	89	24	13
5699	111	7	2
5703	26	34	10
5704	109	57	2
5705	92	37	6
5709	10	49	4
5711	48	32	3
5712	49	52	1
5713	36	48	4
5714	53	39	18
5716	60	33	20
5717	45	37	9
5720	11	24	7
5721	108	5	3
5722	107	25	6
5725	85	8	7
5729	24	28	18
5730	35	21	11
5731	18	42	18
5732	47	22	2
5733	68	26	3
5734	78	30	1
5738	61	23	2
5739	18	6	6
5740	37	14	6
5744	57	39	17
5746	86	28	17
5752	75	26	1
5753	88	18	2
5754	110	26	6
5756	97	10	2
5757	90	30	12
5759	78	27	7
5760	37	32	7
5761	108	35	12
5764	17	23	7
5765	92	40	18
5768	62	25	11
5769	72	13	11
5770	41	12	5
5771	38	31	8
5772	62	57	1
5773	101	26	16
5775	43	33	15
5776	56	13	8
5777	19	40	9
5780	61	28	12
5784	33	36	19
5785	48	26	11
5786	38	33	3
5788	53	41	9
5790	24	53	4
5791	37	35	8
5792	28	46	7
5793	96	46	12
5797	107	44	2
5798	92	21	7
5799	90	27	14
5805	8	12	4
5809	38	31	5
5810	63	8	1
5812	97	21	15
5815	19	42	8
5816	48	54	1
5819	38	23	5
5820	55	18	6
5823	62	16	3
5826	110	41	1
5827	16	54	1
5831	108	37	5
5832	97	35	20
5835	74	21	2
5836	24	28	8
5837	45	43	8
5839	76	29	1
5840	91	27	20
5842	91	31	12
5845	61	45	13
5846	91	13	6
5849	8	44	3
5850	20	32	2
5852	60	21	19
5853	43	25	9
5854	40	18	10
5855	91	25	5
5858	45	39	18
5859	41	11	9
5860	58	35	3
5868	109	16	6
5869	52	16	14
5871	48	37	14
5872	12	7	4
5873	65	38	4
5874	36	20	9
5878	17	44	10
5880	34	18	15
5881	11	27	7
5882	82	23	13
5883	6	31	4
5885	38	58	2
5887	29	33	6
5888	93	20	2
5891	113	18	5
5892	86	32	20
5893	43	37	15
5896	75	35	17
5901	50	15	5
5902	32	37	17
5904	85	31	13
5907	74	24	17
5914	51	44	1
5915	21	31	15
5918	26	36	16
5920	86	20	1
5922	83	38	18
5923	20	26	1
5924	69	29	4
5927	96	39	6
5928	36	34	20
5930	98	52	2
5931	32	22	16
5932	23	42	18
5933	13	28	5
5935	25	18	14
5937	92	44	15
5939	66	21	1
5942	47	43	9
5943	94	49	3
5944	39	25	4
5947	25	28	9
5948	50	23	15
5951	50	35	5
5952	71	5	3
5954	39	29	8
5955	17	21	3
5956	57	13	12
5959	63	30	17
5960	9	30	3
5961	28	35	17
5963	37	47	5
5965	112	53	3
5967	28	51	1
5968	47	48	7
5970	43	15	6
5972	94	57	2
5973	19	22	2
5974	16	15	1
5977	51	45	11
5979	85	9	8
5981	108	15	4
5982	111	37	2
5983	56	28	16
5984	105	44	10
5986	46	23	16
5987	74	20	20
5989	28	53	1
5990	78	44	1
5993	34	31	1
5994	110	46	3
5997	92	37	12
6000	64	48	10
6003	29	22	18
6004	63	41	9
6005	77	11	6
6007	99	40	16
6008	48	20	20
6009	73	54	6
6011	67	29	11
6013	48	54	3
6014	57	23	13
6015	40	23	12
6016	26	45	9
6017	30	53	7
6020	68	33	2
6023	21	7	7
6025	82	31	3
6026	98	24	3
6027	60	36	17
6030	45	40	13
6031	25	16	1
6035	25	39	17
6036	68	34	9
6039	85	16	1
6040	110	54	3
6042	66	41	2
6043	35	27	8
6044	27	22	15
6047	24	39	8
6048	88	31	6
6051	42	16	15
6052	80	45	5
6054	26	41	19
6058	95	42	15
6060	28	35	2
6062	18	45	10
6063	107	6	3
6067	87	49	9
6068	8	31	5
6071	28	23	7
6080	52	16	8
6082	90	25	2
6086	66	37	20
6088	26	27	4
6089	50	30	6
6090	56	46	6
6093	73	40	7
6094	65	24	11
6097	75	15	2
6099	6	22	3
6103	58	23	16
6104	62	37	3
6106	31	48	1
6107	114	35	5
6112	83	15	5
6113	103	16	4
6114	70	29	20
6115	95	58	2
6116	45	51	4
6119	62	37	12
6121	50	8	8
6122	97	33	1
6125	27	20	19
6127	9	30	5
6130	8	27	4
6131	17	12	10
6135	34	28	7
6136	49	40	17
6138	110	46	4
6140	39	23	1
6142	42	34	11
6144	86	38	18
6147	104	57	2
6149	77	42	7
6150	91	18	11
6151	86	22	7
6154	51	52	1
6155	79	23	16
6156	78	56	2
6158	85	18	2
6160	96	56	1
6161	90	36	18
6162	57	14	13
6164	62	18	3
6165	38	55	3
6166	80	14	2
6169	79	32	6
6173	36	36	14
6174	22	38	5
6175	84	14	1
6176	77	27	3
6177	57	29	8
6180	28	29	17
6181	84	49	11
6182	76	27	13
6183	57	28	13
6185	93	28	1
6186	37	44	10
6187	25	33	20
6188	95	23	13
6190	7	1	1
6191	64	46	7
6192	109	24	3
6193	110	12	6
6194	30	12	10
6195	114	44	4
6196	98	40	3
6198	63	42	16
6199	67	25	12
6203	86	47	2
6205	12	38	1
6206	97	27	18
6209	88	33	7
6211	106	20	6
6212	39	53	2
6215	90	4	1
6216	36	25	10
6218	38	51	7
6220	46	37	16
6223	63	28	1
6225	55	17	6
6226	104	25	3
6227	73	14	13
6230	18	20	5
6233	89	39	14
6245	68	13	9
6246	34	3	1
6247	96	9	2
6248	102	21	6
6249	92	29	13
6250	98	31	9
6254	79	36	8
6256	91	14	3
6257	66	26	15
6258	81	40	5
6264	6	50	4
6265	49	27	20
6268	29	37	8
6270	8	23	6
6271	45	26	9
6272	80	29	3
6274	105	18	2
6275	85	17	15
6277	106	19	6
6278	37	40	9
6279	109	17	7
6280	84	44	4
6283	33	17	3
6286	66	23	3
6288	71	27	14
6289	101	12	2
6290	47	33	7
6292	107	12	9
6297	69	23	6
6300	109	49	1
6302	114	41	2
6303	66	35	12
6306	21	7	2
6307	91	51	7
6308	30	2	2
6309	85	26	15
6310	34	15	12
6311	113	16	1
6313	50	10	2
6315	75	20	2
6319	64	38	15
6320	40	24	2
6323	94	49	5
6324	40	51	8
6325	38	15	14
6326	42	21	5
6329	72	29	7
6330	94	25	3
6331	61	41	18
6332	69	51	3
6334	7	27	3
6335	103	33	1
6336	19	27	13
6340	95	26	5
6342	47	13	6
6343	36	45	7
6344	111	15	8
6345	60	44	9
6346	17	33	3
6347	58	50	2
6348	62	30	9
6349	75	22	3
6351	60	15	8
6352	92	23	18
6353	80	39	17
6358	60	54	3
6359	114	42	2
6360	25	37	3
6363	88	37	20
6365	108	47	10
6367	20	36	20
6368	102	25	6
6369	86	16	12
6371	31	14	7
6372	92	20	5
6373	50	32	15
6374	62	37	16
6377	109	38	2
6379	102	15	7
6380	11	11	6
6381	70	26	20
6382	97	18	18
6384	83	37	10
6385	30	40	1
6386	6	17	2
6387	4	36	3
6388	91	23	19
6389	22	30	7
6390	65	41	18
6391	34	34	6
6393	26	30	11
6396	36	12	7
6397	105	42	8
6398	39	7	7
6400	43	23	2
6401	111	33	5
6402	111	41	3
6404	31	23	12
6405	65	8	5
6407	72	45	2
6409	26	18	18
6410	36	12	2
6412	59	29	1
6413	60	36	5
6414	91	39	14
6416	73	57	1
6418	56	32	15
6420	87	19	10
6422	74	50	8
6424	89	41	17
6425	114	13	2
6429	104	10	4
6430	85	35	14
6431	42	33	12
6432	86	40	15
6433	55	35	4
6434	29	27	9
6435	98	39	2
6436	27	21	11
6438	98	50	8
6439	22	37	12
6441	20	44	16
6443	106	54	5
6447	42	46	1
6451	32	53	4
6452	86	32	8
6456	100	35	4
6459	48	31	1
6460	59	44	12
6461	58	12	5
6463	25	24	13
6464	76	20	6
6466	67	28	5
6467	105	44	8
6468	104	21	10
6469	41	15	2
6471	103	13	11
6475	70	56	1
6477	8	35	1
6479	44	49	5
6480	92	6	2
6484	96	26	1
6485	110	29	7
6488	76	25	7
6490	65	20	2
6491	32	11	1
6495	86	12	11
6496	23	52	6
6499	57	42	1
6501	97	11	9
6502	41	20	9
6504	59	2	1
6505	58	12	11
6506	35	30	12
6508	98	34	3
6511	46	34	13
6512	83	48	4
6513	76	29	20
6514	34	49	5
6515	21	15	4
6518	102	44	4
6519	8	49	4
6521	64	32	11
6523	78	40	14
6525	13	40	10
6526	89	23	6
6527	89	13	1
6530	15	44	9
6531	60	19	4
6534	15	30	1
6535	72	34	10
6536	54	27	5
6537	91	37	15
6539	74	41	15
6541	15	41	8
6543	78	27	2
6545	100	19	15
6551	42	52	2
6552	6	26	6
6553	36	43	15
6555	100	39	12
6557	44	14	11
6558	98	13	6
6559	12	11	9
6560	61	8	6
6561	80	51	7
6562	98	39	6
6563	49	30	18
6564	5	20	4
6565	41	43	8
6570	8	27	1
6572	35	41	16
6574	54	19	8
6577	28	28	8
6578	37	16	2
6579	34	35	12
6580	63	35	15
6581	78	31	3
6582	92	15	12
6583	114	15	3
6585	45	39	1
6587	50	37	8
6588	33	36	15
6590	104	42	3
6591	25	9	9
6592	71	27	15
6595	109	14	1
6601	47	36	20
6603	76	42	14
6605	20	30	11
6606	28	35	17
6607	32	44	13
6608	30	26	6
6611	110	47	6
6613	71	27	12
6614	44	45	15
6615	67	21	20
6617	35	27	9
6621	51	10	1
6622	13	39	6
6626	88	37	6
6627	65	20	14
6629	104	26	13
6630	37	39	15
6631	72	33	3
6633	25	15	7
6634	30	44	7
6635	91	40	13
6636	46	32	7
6638	1	42	1
6642	116	48	4
6644	27	38	5
6645	92	49	5
6652	41	32	20
6653	58	44	5
6655	73	50	5
6656	75	45	12
6657	36	31	7
6658	52	27	7
6659	33	33	9
6660	22	14	14
6662	92	52	7
6663	76	7	3
6665	35	44	3
6666	9	30	7
6668	17	16	9
6671	52	20	5
6672	105	12	7
6673	43	34	16
6674	48	39	7
6676	39	48	5
6680	44	28	18
6681	46	8	1
6684	76	17	5
6685	97	20	8
6687	96	38	16
6688	95	12	3
6690	18	49	5
6691	28	39	6
6697	61	18	9
6699	21	49	7
6700	44	33	11
6701	39	27	18
6704	24	44	9
6707	78	44	7
6708	87	8	2
6709	101	34	1
6710	105	36	2
6711	84	42	12
6713	5	36	4
6714	12	25	12
6715	119	44	1
6717	112	42	7
6722	70	41	15
6723	58	32	6
6724	49	29	4
6727	11	41	2
6732	79	51	8
6734	16	40	1
6735	66	23	18
6736	49	34	20
6737	9	14	7
6738	88	6	6
6739	69	16	2
6740	24	22	15
6742	78	53	1
6746	108	34	10
6747	67	47	1
6748	43	38	2
6750	13	25	12
6754	44	44	11
6755	81	4	2
6756	38	20	16
6757	12	27	9
6759	24	16	1
6762	29	24	1
6763	4	37	1
6764	53	31	2
6765	102	46	12
6766	5	48	4
6768	77	13	8
6770	78	41	5
6773	116	6	4
6774	102	11	5
6776	88	28	5
6778	96	26	3
6779	62	56	1
6780	99	56	1
6781	9	54	6
6782	67	42	11
6783	14	30	7
6784	89	18	18
6785	94	46	14
6787	27	24	13
6788	67	24	20
6789	94	9	8
6791	11	57	2
6792	113	54	6
6794	79	37	13
6796	92	41	14
6798	102	41	15
6800	36	51	2
6802	86	17	14
6806	47	32	7
6808	47	12	3
6809	93	33	12
6810	52	38	18
6811	84	25	9
6812	47	46	1
6813	70	25	4
6814	48	49	10
6815	69	20	3
6816	17	45	1
6818	21	45	4
6819	23	13	13
6820	41	40	14
6821	85	2	1
6823	74	29	13
6824	26	41	13
6825	12	37	11
6826	64	45	11
6827	32	48	10
6828	95	41	3
6830	30	14	9
6834	22	17	9
6835	5	21	2
6836	105	27	9
6840	69	14	13
6841	84	33	8
6843	75	25	11
6844	109	9	4
6846	28	29	11
6848	5	18	1
6850	94	4	2
6851	29	42	7
6852	83	27	12
6855	110	38	8
6859	84	37	14
6860	103	2	2
6861	105	28	3
6862	29	39	18
6869	10	34	2
6870	46	46	9
6871	57	43	15
6873	42	47	13
6875	51	44	15
6876	13	11	1
6877	34	11	9
6879	107	45	13
6882	24	29	15
6883	73	40	10
6884	74	18	6
6885	71	11	1
6887	56	27	12
6888	84	30	17
6891	75	31	14
6892	35	38	10
6894	65	24	5
6895	55	12	7
6900	112	47	5
6901	85	24	19
6902	105	30	15
6904	49	54	6
6905	47	19	3
6907	22	11	6
6909	54	27	11
6911	21	24	12
6914	68	35	6
6915	113	13	1
6916	17	9	7
6917	45	23	12
6918	72	18	17
6919	62	28	2
6924	31	44	3
6926	111	18	6
6928	66	35	16
6929	28	30	4
6930	91	28	18
6931	6	18	6
6932	100	27	5
6933	55	22	10
6935	83	39	9
6936	71	17	15
6942	15	21	1
6945	89	48	9
6946	43	52	4
6947	29	36	19
6950	35	47	4
6957	116	10	2
6960	64	44	11
6961	48	17	11
6963	31	26	8
6964	37	49	5
6965	43	20	5
6966	43	41	7
6967	108	6	5
6968	90	43	1
6969	63	45	6
6970	16	46	13
6971	32	51	8
6972	25	26	6
6974	8	13	1
6978	80	29	10
6982	6	14	5
6984	27	13	8
6985	82	14	6
6986	72	10	5
6987	17	3	2
6991	51	32	20
6992	103	38	14
6993	81	39	2
6995	7	48	7
6996	67	7	5
6997	27	44	2
6999	8	58	2
7001	53	48	10
7004	43	37	10
7010	87	53	2
7011	49	29	1
7012	45	45	11
7013	113	56	3
7014	115	6	3
7015	80	28	7
7017	64	41	19
7026	28	22	11
7028	81	27	14
7031	21	17	1
7032	11	41	1
7033	77	19	14
7034	48	42	3
7038	34	23	6
7040	64	33	16
7041	1	2	1
7043	27	57	3
7046	61	18	17
7047	69	13	10
7048	27	27	6
7049	18	50	2
7053	87	38	18
7055	18	29	4
7057	26	53	3
7059	89	15	13
7060	57	23	9
7061	44	35	7
7063	63	40	14
7064	62	35	15
7065	59	38	19
7067	69	27	11
7068	111	21	2
7069	95	19	8
7071	88	52	1
7079	40	39	12
7080	105	49	4
7081	31	45	5
7083	25	41	1
7084	51	13	3
7088	44	51	5
7089	56	39	7
7090	13	22	7
7093	116	7	3
7094	11	37	7
7095	33	21	20
7097	92	37	6
7098	39	45	13
7099	15	43	11
7101	7	10	4
7102	76	32	18
7104	107	41	4
7106	18	24	2
7107	26	15	2
7109	3	25	3
7110	101	39	7
7111	80	40	18
7113	15	43	14
7116	56	30	20
7117	68	47	2
7120	107	17	10
7121	103	51	9
7125	86	39	5
7126	4	17	3
7127	113	54	3
7129	74	39	11
7130	42	13	6
7132	28	25	4
7133	39	46	11
7136	27	28	1
7137	64	30	3
7140	37	31	15
7143	19	11	4
7145	56	25	4
7150	104	10	1
7152	44	31	4
7153	35	22	14
7154	63	16	6
7155	62	19	9
7160	66	38	4
7162	79	40	2
7164	58	49	9
7167	69	12	6
7170	47	29	8
7171	72	43	16
7174	80	26	6
7175	76	21	19
7177	75	49	8
7178	53	29	11
7180	57	36	15
7182	73	12	2
7183	58	44	5
7185	45	12	7
7189	65	27	13
7193	100	13	13
7196	71	53	6
7197	50	18	17
7198	12	11	11
7200	23	58	2
7201	71	24	19
7203	71	53	1
7204	32	11	6
7205	87	14	14
7206	10	21	5
7210	75	40	7
7211	61	36	18
7212	100	27	9
7213	85	27	5
7214	105	17	8
7217	32	28	12
7220	80	23	1
7221	60	23	2
7222	44	37	15
7229	10	39	4
7231	18	17	13
7232	54	16	10
7233	86	36	18
7234	96	14	1
7235	26	20	14
7237	13	2	1
7238	17	18	10
7243	30	40	5
7244	65	22	15
7245	77	29	1
7246	100	3	1
7248	112	34	5
7253	116	54	3
7258	55	1	1
7259	41	24	7
7261	113	22	5
7262	14	11	6
7263	88	39	2
7264	27	20	1
7265	79	32	4
7266	28	33	4
7267	54	34	16
7268	79	41	2
7271	85	50	6
7273	36	42	2
7274	42	17	15
7275	25	16	10
7278	18	45	2
7280	54	21	18
7282	75	42	13
7283	6	49	4
7284	118	26	1
7285	72	30	2
7288	30	17	14
7289	39	26	4
7290	42	39	11
7293	27	22	11
7294	34	37	19
7295	34	27	11
7296	48	22	18
7298	73	48	10
7299	37	35	3
7300	86	31	19
7301	12	29	1
7302	21	15	13
7305	102	42	18
7309	28	32	12
7310	13	28	1
7312	81	8	3
7313	83	44	10
7314	6	31	3
7316	41	36	5
7317	42	21	8
7318	98	4	2
7320	52	42	3
7323	77	41	8
7324	98	16	16
7325	39	20	2
7327	79	43	9
7328	90	19	18
7330	91	24	14
7332	65	15	8
7333	83	31	8
7334	74	44	16
7335	96	15	7
7337	84	36	6
7342	108	55	5
7343	60	16	14
7345	8	24	2
7347	8	32	3
7348	48	12	8
7349	77	50	9
7350	60	26	10
7351	112	44	7
7352	23	29	13
7353	99	40	8
7355	86	38	16
7357	18	29	8
7358	89	49	6
7359	46	16	5
7363	30	39	3
7366	71	29	15
7367	10	13	10
7368	102	48	7
7369	67	12	2
7370	12	25	1
7373	109	31	4
7375	17	29	10
7376	26	17	8
7378	108	46	1
7380	88	18	3
7381	81	35	10
7383	101	19	18
7385	114	44	6
7388	34	41	8
7390	115	43	2
7391	81	37	4
7393	72	28	17
7395	33	25	7
7399	98	39	1
7401	75	29	5
7402	32	27	5
7404	44	20	6
7405	34	51	9
7406	113	35	5
7409	21	27	20
7410	65	46	5
7414	87	10	5
7417	115	34	5
7418	49	12	9
7419	67	28	18
7421	33	49	1
7424	20	14	14
7425	18	19	6
7427	39	28	4
7428	75	24	2
7429	82	10	9
7430	68	22	7
7431	52	40	13
7432	76	39	18
7434	22	23	10
7436	93	38	2
7437	11	41	11
7439	20	43	13
7441	38	58	1
7442	81	25	14
7443	21	22	18
7445	24	42	3
7449	30	41	11
7453	100	30	17
7456	105	18	7
7457	21	38	7
7458	73	19	10
7460	17	14	3
7463	77	19	8
7465	13	55	2
7466	15	26	10
7467	9	31	4
7468	99	48	6
7469	70	19	1
7476	38	14	4
7477	89	26	17
7478	82	22	9
7479	78	10	4
7480	16	37	8
7482	104	42	9
7484	43	19	19
7485	9	37	2
7486	52	10	4
7487	99	16	4
7488	107	32	8
7490	28	27	15
7495	113	43	6
7499	44	21	6
7500	46	36	13
7503	118	54	2
7504	97	8	5
7506	23	52	7
7507	52	25	14
7508	4	59	1
7510	38	29	7
7513	41	29	18
7514	90	5	3
7517	44	21	5
7521	83	55	3
7522	9	51	4
7523	73	3	2
7524	69	30	5
7525	18	35	18
7527	90	37	17
7528	95	14	13
7530	10	10	9
7531	40	28	18
7532	65	33	20
7533	112	37	3
7534	90	27	20
7535	96	17	16
7537	7	20	5
7539	61	34	4
7540	98	18	16
7541	14	39	12
7542	27	49	3
7544	78	11	11
7546	58	23	13
7547	40	26	6
7548	86	30	2
7549	110	43	3
7553	77	34	5
7555	20	38	20
7557	31	32	10
7561	104	53	2
7563	83	10	9
7565	86	9	2
7567	78	44	9
7571	12	11	6
7572	100	22	16
7573	8	20	6
7575	104	26	15
7577	41	30	20
7580	36	26	1
7583	61	50	7
7584	94	32	10
7585	84	34	19
7587	64	47	3
7588	97	41	4
7589	51	37	16
7592	48	18	15
7593	57	27	4
7594	72	33	12
7595	17	21	12
7597	20	25	10
7598	34	16	4
7599	81	49	10
7605	25	34	5
7607	50	31	19
7612	86	26	15
7614	51	38	12
7615	70	46	10
7619	47	36	6
7621	95	12	6
7622	48	48	7
7625	50	34	13
7627	42	27	7
7630	92	18	7
7631	83	34	19
7632	46	27	18
7634	38	20	12
7635	20	40	9
7640	47	21	8
7641	31	12	7
7642	89	18	2
7644	13	40	10
7645	41	39	12
7648	62	21	7
7649	96	45	7
7651	29	36	6
7652	83	8	6
7653	14	17	10
7655	28	7	1
7656	77	23	11
7658	107	47	8
7659	30	38	7
7660	103	51	5
7661	84	46	5
7664	60	41	12
7665	68	30	11
7667	23	56	4
7670	62	42	4
7671	105	32	7
7672	63	43	3
7677	64	35	5
7679	79	32	8
7680	79	48	2
7683	15	30	7
7686	24	41	14
7688	91	45	13
7690	93	11	11
7691	20	25	3
7693	22	8	1
7694	13	37	11
7695	111	9	8
7696	82	17	5
7697	102	7	7
7698	73	33	9
7699	29	39	2
7700	54	21	12
7701	30	25	14
7702	31	25	7
7704	26	45	3
7706	11	9	6
7707	48	28	14
7709	106	16	9
7710	54	42	3
7711	55	5	2
7712	57	32	18
7714	32	47	5
7716	42	19	16
7717	39	38	7
7721	73	19	9
7723	75	32	16
7724	9	49	2
7726	100	57	3
7727	29	14	3
7728	18	12	3
7729	81	29	16
7730	96	39	19
7732	86	15	1
7733	32	37	1
7739	99	46	9
7740	104	32	3
7741	92	34	2
7745	69	25	17
7746	105	13	1
7748	102	20	18
7750	115	40	1
7752	55	56	1
7757	88	29	11
7758	50	58	1
7759	56	48	4
7760	98	28	1
7762	58	19	17
7765	45	37	15
7766	18	41	12
7767	71	51	6
7771	62	49	4
7772	107	42	13
7774	58	16	4
7775	30	54	6
7776	30	3	3
7782	5	53	3
7783	11	20	11
7784	74	33	16
7786	81	44	12
7788	11	10	6
7790	70	13	7
7792	105	15	1
7793	95	49	8
7794	57	26	3
7796	43	22	20
7801	63	33	14
7802	13	43	2
7804	93	54	4
7805	114	55	5
7808	31	4	4
7809	49	35	9
7811	46	22	9
7812	68	36	12
7813	98	41	5
7814	26	54	6
7815	80	49	11
7818	33	38	10
7819	7	50	4
7820	101	34	9
7824	30	35	11
7825	43	18	2
7826	52	16	14
7827	8	50	7
7829	96	33	3
7830	20	4	2
7832	85	58	2
7833	30	36	13
7835	58	33	20
7836	17	44	16
7837	21	36	14
7839	111	26	5
7840	97	6	1
7843	42	24	12
7844	83	49	10
7845	34	12	8
7846	37	29	18
7847	14	33	7
7855	110	42	3
7856	48	29	1
7858	31	42	1
7862	59	38	18
7863	59	11	8
7865	73	5	3
7867	85	49	2
7868	62	30	13
7871	61	27	20
7872	110	29	7
7873	38	19	1
7874	9	15	7
7875	106	7	4
7876	63	13	9
7879	69	42	2
7880	103	16	9
7881	60	37	15
7883	87	13	2
7886	14	20	6
7888	44	39	16
7892	50	21	15
7893	43	19	5
7898	22	35	6
7899	46	48	4
7900	110	14	8
7901	70	53	3
7903	58	46	7
7906	82	22	4
7907	69	16	12
7908	76	21	12
7909	21	33	16
7910	37	39	8
7914	103	29	1
7916	9	17	1
7917	64	31	4
7919	62	35	10
7920	63	15	15
7921	61	23	9
7922	37	18	11
7927	49	26	9
7929	91	44	14
7930	14	11	10
7931	18	43	4
7934	51	24	14
7935	69	44	13
7936	26	26	9
7938	11	29	6
7940	6	25	6
7943	3	41	3
7945	109	33	4
7949	17	22	17
7955	84	42	7
7957	31	29	4
7961	50	37	12
7965	112	10	7
7966	27	20	14
7969	43	37	2
7970	13	41	4
7971	98	32	1
7973	83	44	4
7975	74	47	4
7977	77	45	6
7982	66	56	2
7984	13	42	10
7985	29	40	2
7987	19	34	11
7988	32	53	5
7991	20	12	12
7994	106	22	11
7998	100	37	17
7999	80	27	3
8001	61	19	13
8002	21	37	3
8003	93	31	16
8005	31	21	16
8007	25	38	12
8009	38	39	20
8013	100	31	4
8015	26	26	15
8016	58	14	13
8020	80	26	12
8021	50	17	6
8023	75	38	19
8024	29	16	6
8026	6	37	2
8028	24	35	15
8034	44	12	2
8035	74	32	20
8036	92	21	2
8037	37	40	5
8042	97	16	11
8043	15	42	5
8046	111	54	1
8047	67	29	15
8049	81	53	1
8050	76	47	1
8051	22	22	11
8053	51	27	12
8054	15	34	2
8055	71	37	10
8060	57	41	15
8063	94	26	5
8064	70	29	8
8065	83	42	15
8066	87	36	14
8068	53	18	16
8069	79	54	6
8071	57	42	7
8074	81	19	1
8075	29	11	3
8076	56	12	2
8077	62	14	5
8081	105	17	3
8082	80	21	8
8086	94	40	10
8089	43	26	19
8090	61	29	2
8092	77	16	9
8093	69	24	5
8095	31	27	18
8096	65	34	16
8105	103	8	5
8106	17	17	16
8107	40	41	11
8108	85	33	16
8109	23	46	7
8110	60	25	7
8111	23	27	10
8112	50	16	5
8114	18	12	6
8117	84	31	17
8118	115	46	3
8121	13	28	3
8123	103	22	6
8124	112	12	3
8125	80	29	4
8126	69	40	1
8127	25	19	13
8128	65	20	3
8129	104	44	12
8130	97	46	10
8133	16	3	1
8137	97	32	2
8138	46	33	7
8139	93	26	19
8141	98	29	18
8142	50	33	12
8143	76	24	4
8144	64	11	7
8145	4	5	4
8146	63	43	4
8147	95	46	12
8149	28	31	7
8150	45	42	17
8152	38	5	5
8154	13	18	13
8155	6	3	2
8156	31	32	14
8157	36	21	9
8161	35	34	18
8162	3	57	1
8163	18	20	17
8166	8	38	4
8170	48	12	12
8172	88	41	8
8173	23	47	8
8176	92	38	16
8181	54	56	4
8184	39	11	11
8185	76	24	10
8187	75	19	8
8189	68	28	8
8190	85	34	7
8193	47	38	16
8195	52	11	4
8196	42	44	4
8198	65	50	4
8200	25	31	3
8201	36	9	4
8205	83	30	3
8210	19	58	2
8211	102	15	5
8213	61	40	3
8214	24	51	1
8216	37	20	2
8218	13	22	1
8219	5	9	2
8221	31	19	17
8224	112	52	3
8225	27	7	6
8228	29	29	4
8229	78	45	6
8231	105	14	10
8232	56	6	3
8233	84	37	17
8234	94	51	2
8235	13	44	8
8237	50	32	9
8238	81	27	13
8241	29	22	14
8242	103	18	10
8244	95	13	12
8246	20	12	4
8250	51	32	3
8256	97	37	4
8258	81	22	3
8259	55	19	15
8263	23	39	13
8265	65	15	2
8269	71	43	3
8270	67	22	18
8272	46	12	2
8273	72	4	4
8275	43	29	18
8278	53	9	6
8280	80	43	2
8281	97	24	4
8283	111	23	1
8284	98	18	6
8285	52	40	11
8286	26	43	10
8288	28	51	3
8289	50	36	16
8290	27	38	13
8292	48	25	15
8293	103	13	6
8295	18	16	2
8297	105	43	4
8298	113	45	1
8299	70	47	6
8300	47	28	16
8302	92	52	2
8303	34	33	16
8304	41	23	16
8308	83	21	13
8310	47	32	13
8311	63	55	2
8313	16	15	9
8315	15	36	6
8316	63	47	8
8320	93	22	18
8321	112	50	3
8324	95	45	13
8327	70	14	10
8329	50	21	14
8330	54	38	16
8331	60	6	4
8333	78	20	18
8334	68	33	8
8336	77	23	19
8340	81	43	2
8342	79	5	2
8343	56	56	1
8345	50	40	18
8346	80	47	4
8348	7	29	3
8350	106	58	2
8351	93	25	5
8352	22	21	18
8354	37	45	5
8355	76	10	1
8356	105	15	7
8359	42	42	3
8361	12	24	9
8362	48	9	2
8367	36	15	12
8369	71	23	4
8370	83	49	5
8372	74	43	5
8373	20	23	1
8374	88	49	1
8376	54	34	10
8378	71	25	17
8379	83	15	7
8381	71	31	17
8383	13	54	2
8384	67	11	2
8386	46	28	5
8390	104	25	10
8391	53	33	16
8392	68	53	2
8393	50	32	20
8395	100	33	1
8397	100	43	15
8398	66	16	10
8399	23	29	8
8405	95	18	16
8406	39	22	15
8407	40	51	4
8408	90	4	4
8409	51	34	19
8412	108	10	4
8413	32	50	3
8414	47	42	6
8416	64	45	12
8417	44	22	10
8418	108	46	9
8420	94	15	10
8422	48	18	15
8423	35	36	6
8426	37	20	4
8427	32	20	19
8428	94	58	2
8431	99	34	8
8433	103	36	13
8435	28	16	9
8436	100	41	1
8437	116	36	4
8438	55	54	1
8440	60	32	6
8443	97	27	13
8444	59	33	2
8446	55	27	10
8449	4	15	1
8450	90	40	3
8451	58	34	8
8455	96	36	18
8456	90	4	2
8459	52	32	5
8464	76	27	2
8465	22	29	3
8466	53	23	9
8468	33	25	20
8470	100	27	13
8472	11	10	9
8473	80	24	8
8474	53	18	16
8475	19	26	18
8477	50	28	6
8479	31	9	3
8482	9	37	4
8484	78	13	11
8485	99	16	12
8487	38	41	4
8488	95	56	1
8489	78	20	14
8490	71	30	12
8491	11	34	8
8492	67	38	19
8493	71	52	4
8494	89	11	1
8497	52	35	4
8498	92	25	9
8500	109	35	9
8501	9	30	6
8503	12	10	8
8504	87	35	11
8505	60	32	3
8506	102	25	13
8508	49	38	13
8509	69	24	19
8510	74	29	11
8511	50	11	9
8513	45	27	18
8514	92	37	2
8515	85	41	11
8520	99	29	14
8522	105	41	7
8526	96	22	12
8527	71	37	8
8528	73	23	7
8531	30	23	16
8533	18	43	6
8534	84	44	9
8535	60	41	12
8536	96	7	6
8537	84	25	7
8539	87	20	16
8543	99	24	4
8545	28	13	8
8547	63	4	3
8551	64	30	8
8555	19	29	9
8556	115	42	3
8557	89	2	2
8561	100	30	13
8563	41	37	14
8564	40	46	2
8566	95	52	6
8567	66	39	2
8569	40	45	13
8571	78	37	20
8572	82	42	3
8574	40	37	11
8575	99	47	11
8577	59	10	8
8578	100	28	10
8579	75	40	16
8583	31	17	3
8584	20	24	5
8585	69	37	1
8587	105	33	3
8590	82	40	7
8592	112	42	3
8593	16	15	2
8594	62	25	12
8596	37	52	8
8599	45	45	9
8601	77	19	5
8603	46	14	10
8604	100	38	9
8605	61	43	5
8606	28	12	11
8609	90	25	11
8614	51	12	6
8616	80	19	18
8618	84	43	17
8619	60	21	15
8620	45	32	17
8623	78	36	5
8624	56	44	1
8625	83	34	11
8627	15	17	10
8629	7	30	3
8630	89	22	18
8631	36	29	19
8632	76	11	11
8633	101	22	1
8634	95	18	12
8635	10	36	4
8636	27	3	1
8639	91	30	17
8640	48	37	9
8641	78	15	12
8645	45	38	4
8646	91	38	9
8649	47	28	9
8650	94	27	4
8651	40	14	8
8654	99	32	9
8656	11	47	6
8657	76	18	12
8658	28	49	6
8659	37	20	2
8660	80	22	3
8661	34	17	17
8662	58	39	4
8663	47	36	14
8664	72	36	6
8665	48	53	5
8666	17	7	6
8667	96	21	2
8668	99	25	5
8669	26	24	4
8670	32	45	8
8672	44	48	2
8676	100	17	1
8677	79	16	5
8678	95	17	9
8680	31	26	18
8682	18	38	1
8683	84	44	4
8685	50	44	12
8687	17	44	15
8694	24	10	8
8695	79	31	17
8698	106	40	6
8699	92	31	13
8701	7	41	5
8702	102	52	7
8703	45	20	15
8707	59	24	13
8708	78	23	11
8713	59	43	13
8714	90	45	4
8716	91	48	7
8717	101	42	2
8718	62	36	5
8719	65	32	12
8720	26	12	1
8721	97	47	8
8723	104	11	6
8724	28	10	10
8725	17	16	9
8730	25	11	1
8733	88	32	13
8735	59	33	10
8736	48	25	19
8737	73	39	8
8738	13	40	3
8739	35	51	5
8740	70	34	13
8742	48	35	10
8743	89	16	16
8747	69	17	15
8752	60	21	10
8753	98	20	5
8754	99	29	10
8756	29	14	2
8757	37	10	3
8758	82	23	19
8759	16	43	12
8760	36	40	5
8761	16	30	2
8767	106	26	7
8769	15	28	3
8770	50	39	14
8772	113	26	7
8775	28	19	6
8776	64	18	12
8780	32	24	16
8781	90	36	13
8783	41	44	2
8784	64	22	20
8785	18	21	1
8789	110	53	5
8791	67	49	6
8792	54	47	11
8794	119	27	1
8795	57	40	20
8796	65	27	11
8797	54	49	11
8798	98	13	6
8801	58	48	5
8804	57	49	6
8807	75	40	13
8808	18	13	4
8809	16	38	16
8811	18	18	2
8812	54	37	7
8813	35	41	4
8815	84	39	9
8820	42	42	5
8822	78	43	14
8823	56	34	9
8824	11	36	10
8825	61	13	10
8830	41	35	18
8832	66	41	19
8836	41	49	2
8837	86	35	6
8845	85	34	11
8846	92	49	2
8849	71	5	2
8851	19	42	5
8852	60	6	1
8854	105	50	8
8855	87	20	16
8856	86	41	10
8858	45	12	1
8859	51	23	7
8862	68	50	6
8864	13	27	12
8865	24	14	12
8866	22	23	10
8867	48	40	11
8868	98	41	2
8869	91	29	7
8872	49	3	1
8874	40	21	10
8876	29	36	10
8878	72	27	3
8880	73	24	13
8882	93	48	3
8883	39	53	3
8885	87	39	20
8886	80	32	11
8887	96	32	7
8888	20	43	7
8889	108	18	11
8890	80	40	18
8891	81	37	19
8894	17	9	3
8896	72	17	6
8897	14	53	1
8898	58	34	3
8900	45	54	3
8901	59	17	9
8902	117	24	3
8903	88	17	9
8906	83	20	4
8907	115	31	2
8908	86	32	3
8910	37	49	2
8911	69	41	14
8912	66	33	20
8913	62	13	12
8914	65	33	16
8915	78	48	1
8922	42	8	3
8926	24	45	3
8928	32	36	5
8929	94	25	19
8931	67	37	2
8933	85	39	3
8934	101	14	12
8938	107	34	6
8939	77	7	5
8940	38	16	1
8944	20	17	11
8948	91	12	11
8950	21	25	4
8951	3	31	1
8952	43	20	3
8954	6	37	1
8955	28	19	18
8956	73	19	9
8957	43	21	16
8958	11	21	3
8960	94	27	13
8961	13	28	2
8962	43	35	19
8967	33	29	14
8969	27	8	2
8971	88	17	6
8972	69	29	1
8973	28	15	13
8976	99	14	3
8977	16	28	12
8978	88	41	16
8980	74	23	9
8982	43	34	14
8983	94	19	8
8984	103	18	5
8986	47	12	5
8987	53	45	5
8990	86	39	4
8993	55	39	5
8996	44	43	8
8997	64	31	16
8998	17	19	8
9003	86	38	6
9004	87	47	8
9006	36	13	5
9008	54	9	4
9011	26	48	12
9012	8	7	4
9016	101	27	19
9017	80	35	19
9018	107	10	2
9019	51	22	10
9024	80	27	3
9026	38	35	13
9027	38	28	8
9029	34	29	12
9031	39	36	8
9032	111	23	9
9034	15	40	6
9037	75	12	11
9040	15	56	4
9044	86	36	9
9045	64	30	5
9046	25	18	16
9047	39	27	4
9048	97	34	8
9050	83	35	1
9053	90	36	13
9056	112	14	8
9057	67	31	10
9059	52	30	4
9061	99	23	10
9062	28	24	8
9064	24	29	8
9065	31	26	19
9066	13	31	8
9067	29	55	1
9068	96	45	10
9070	100	25	17
9073	88	8	2
9074	30	41	16
9077	72	29	11
9078	33	34	13
9079	50	46	13
9080	96	53	2
9081	43	30	3
9082	7	33	7
9084	51	24	18
9085	36	47	1
9087	79	34	16
9088	75	44	12
9090	84	36	5
9091	100	26	13
9094	73	20	15
9095	50	23	12
9096	89	38	11
9097	82	41	1
9098	30	22	1
9099	88	30	4
9104	28	51	5
9106	25	19	15
9107	80	18	16
9108	67	15	13
9109	50	46	3
9110	80	37	17
9111	10	44	10
9112	68	33	3
9113	19	45	2
9115	76	30	18
9116	90	17	16
9117	93	26	7
9118	45	25	16
9122	40	37	5
9125	67	36	5
9127	102	19	10
9128	92	40	8
9131	87	54	1
9132	111	23	1
9133	87	38	1
9134	115	40	3
9135	70	18	14
9136	85	24	18
9137	65	16	1
9138	59	15	8
9139	107	37	2
9141	17	28	15
9142	32	21	11
9143	99	19	9
9146	35	41	9
9150	79	23	6
9151	72	32	6
9154	112	39	5
9155	25	45	9
9157	63	6	5
9160	66	57	3
9161	48	31	16
9162	21	39	4
9163	65	42	11
9165	85	13	9
9169	35	18	1
9170	108	52	2
9171	105	46	3
9173	44	34	20
9175	19	27	13
9176	46	36	5
9180	33	19	9
9181	79	32	13
9182	63	25	4
9184	85	36	1
9186	53	31	12
9187	22	13	6
9188	95	47	8
9190	90	24	10
9191	100	24	15
9192	37	42	2
9193	45	54	6
9194	98	44	4
9195	43	32	5
9196	29	32	17
9197	89	29	20
9198	96	35	11
9199	70	50	8
9201	113	27	6
9206	76	18	14
9210	71	52	8
9211	37	43	11
9213	52	52	1
9215	14	15	4
9218	43	19	17
9219	109	23	11
9220	105	17	11
9221	58	28	14
9222	40	17	12
9223	90	29	13
9224	40	57	2
9225	80	24	19
9226	103	24	16
9227	76	26	20
9228	62	5	4
9230	92	48	12
9232	13	29	2
9233	81	17	11
9234	13	39	6
9235	89	34	14
9236	85	15	7
9238	26	47	9
9241	25	18	15
9242	108	36	1
9243	11	3	2
9244	29	34	12
9245	25	28	13
9247	49	31	5
9249	111	10	1
9251	27	45	12
9252	43	44	3
9253	76	17	4
9255	55	38	17
9257	7	50	7
9260	104	20	14
9262	112	36	4
9263	88	17	5
9265	45	48	10
9269	29	41	8
9270	19	43	14
9272	81	32	3
9273	75	14	13
9274	43	8	6
9275	45	44	2
9276	106	30	13
9277	90	34	8
9278	14	23	9
9281	12	53	5
9282	50	27	7
9283	68	17	6
9285	36	46	14
9289	97	6	1
9290	13	22	2
9292	38	19	7
9293	29	26	19
9296	21	41	1
9297	25	52	6
9298	70	37	12
9299	92	52	3
9300	90	14	8
9301	113	30	7
9302	27	29	15
9303	96	48	12
9306	78	12	1
9309	105	52	4
9311	27	24	18
9313	99	29	8
9318	56	37	12
9320	97	37	5
9321	49	29	7
9323	86	17	9
9325	88	55	4
9326	90	39	16
9329	63	24	2
9332	29	13	5
9333	97	49	2
9334	70	23	9
9335	103	37	5
9338	80	33	2
9339	3	55	1
9341	39	26	13
9343	52	48	4
9346	38	30	20
9347	17	45	6
9349	53	39	11
9354	61	29	19
9355	41	40	4
9357	83	29	11
9358	82	46	11
9361	107	27	5
9366	97	41	14
9367	96	40	18
9368	86	9	7
9369	84	40	12
9371	62	29	20
9376	55	58	1
9381	68	22	2
9382	52	13	2
9383	54	46	6
9384	14	19	14
9385	53	24	4
9386	63	44	11
9390	91	40	9
9393	47	11	10
9394	72	9	7
9396	37	17	13
9397	98	16	3
9398	67	43	15
9401	59	12	10
9404	26	20	18
9407	46	55	5
9408	50	18	6
9409	30	44	16
9410	40	35	19
9411	54	56	4
9413	18	20	1
9414	105	24	12
9415	83	35	9
9416	97	20	6
9417	29	22	14
9418	102	43	8
9419	57	16	10
9421	19	20	6
9425	92	34	19
9428	87	50	5
9429	17	11	5
9430	6	38	4
9431	12	24	1
9432	5	50	5
9434	101	52	7
9438	103	43	10
9439	12	42	7
9440	44	32	5
9444	107	18	13
9446	80	19	9
9452	75	24	1
9456	21	23	11
9457	23	35	14
9458	53	30	3
9461	44	27	6
9462	67	40	10
9463	66	26	14
9464	34	49	8
9466	84	42	13
9469	90	42	12
9470	43	11	8
9474	43	37	15
9481	51	42	15
9482	48	25	16
9484	95	38	1
9485	15	3	2
9486	82	26	8
9487	13	11	3
9489	111	10	6
9490	75	48	2
9492	112	44	4
9494	36	34	18
9495	61	47	13
9496	109	21	6
9497	112	59	1
9498	15	52	2
9505	75	25	16
9510	86	35	20
9511	76	41	1
9513	51	18	12
9514	60	24	19
9515	20	40	17
9518	108	16	12
9521	68	23	8
9522	17	34	2
9523	32	6	4
9524	78	15	1
9525	41	30	20
9530	60	39	13
9531	34	36	16
9532	35	22	20
9536	78	22	8
9537	19	51	6
9538	96	38	14
9539	21	41	19
9541	72	41	17
9543	71	10	2
9548	82	38	20
9552	68	45	13
9554	79	7	7
9555	83	53	3
9556	93	35	7
9559	75	45	15
9560	15	44	9
9561	56	40	13
9562	82	12	12
9563	67	42	9
9565	90	20	11
9568	95	30	11
9570	31	39	20
9571	48	47	1
9572	80	16	13
9575	31	34	6
9576	63	5	4
9578	59	40	1
9580	83	47	11
9581	106	42	13
9583	93	21	10
9584	74	40	6
9586	75	26	13
9587	61	22	14
9588	18	29	18
9589	93	48	10
9592	21	21	19
9593	30	19	7
9594	93	36	6
9595	92	12	1
9596	27	32	7
9597	43	24	6
9598	77	48	5
9599	103	15	10
9600	21	55	4
9601	71	30	14
9604	49	22	4
9605	66	43	13
9606	94	40	9
9607	46	22	9
9608	75	18	2
9612	45	39	14
9613	83	26	13
9617	30	49	10
9619	49	38	13
9620	29	25	2
9621	54	25	1
9622	33	41	3
9625	62	41	16
9626	39	46	1
9628	57	17	10
9629	8	54	4
9630	101	16	11
9632	32	36	12
9636	96	8	7
9642	86	32	18
9644	37	32	13
9645	56	17	3
9648	94	40	13
9649	64	47	4
9650	88	37	2
9652	76	16	4
9653	68	12	10
9657	83	38	17
9658	23	11	11
9660	101	48	6
9663	57	31	4
9666	97	12	10
9668	102	25	10
9670	66	55	5
9671	80	11	5
9672	73	57	3
9675	16	36	14
9676	85	34	6
9677	40	12	4
9681	16	45	9
9683	22	21	5
9685	78	20	8
9686	68	22	13
9687	23	5	1
9691	61	26	15
9693	7	41	6
9695	59	42	15
9696	74	53	3
9698	75	27	11
9701	20	9	5
9702	108	34	3
9703	41	18	5
9705	14	23	5
9706	3	47	2
9707	34	53	1
9708	26	49	7
9709	113	54	3
9711	40	34	5
9714	95	24	10
9715	117	18	2
9716	77	45	10
9717	13	9	6
9718	100	33	3
9721	109	49	3
9723	90	19	17
9724	35	1	1
9725	50	20	10
9727	34	49	3
9728	65	43	16
9730	76	16	6
9731	110	11	2
9732	95	2	1
9733	19	24	17
9734	74	35	14
9735	31	42	10
9738	24	20	18
9739	27	47	2
9741	101	14	12
9742	24	14	8
9749	61	8	3
9750	9	14	8
9751	41	22	6
9752	86	24	20
9756	99	26	5
9757	98	48	12
9758	71	43	9
9761	39	43	9
9764	44	15	3
9766	100	28	17
9769	75	25	16
9772	53	42	6
9774	36	33	15
9779	36	26	19
9780	81	31	10
9782	91	6	2
9783	93	29	20
9784	62	27	12
9787	94	51	6
9796	95	31	5
9797	79	17	13
9799	63	20	16
9800	39	29	2
9801	59	19	8
9803	101	9	7
9806	55	48	4
9808	98	22	6
9809	59	12	11
9812	44	46	14
9816	111	8	6
9818	52	32	10
9819	73	43	7
9820	10	47	10
9824	70	30	15
9826	102	44	4
9827	108	42	4
9828	26	23	15
9829	20	35	12
9830	34	37	5
9834	44	11	9
9840	53	19	16
9843	30	37	19
9844	61	41	6
9846	55	45	8
9847	58	48	10
9848	52	41	9
9851	46	35	14
9852	6	32	2
9854	20	5	2
9858	71	15	13
9860	3	34	3
9861	13	50	10
9862	57	40	12
9866	80	17	2
9868	33	22	6
9870	76	33	10
9871	98	37	11
9875	83	12	9
9876	88	33	10
9877	51	57	3
9878	32	12	9
9885	5	33	5
9888	106	40	2
9891	87	33	8
9892	12	37	11
9893	109	15	5
9894	25	33	8
9895	30	43	6
9896	11	52	2
9897	110	16	10
9902	61	16	14
9903	110	24	5
9904	4	51	4
9906	72	19	18
9909	51	26	7
9910	117	16	2
9912	10	20	7
9914	65	24	14
9916	11	25	4
9917	17	17	11
9918	78	23	18
9920	71	37	9
9921	61	26	10
9922	53	25	9
9925	59	31	6
9926	102	21	1
9927	68	26	19
9931	41	36	18
9932	19	31	7
9936	105	35	6
9938	41	4	1
9939	41	21	11
9940	81	9	8
9942	12	8	8
9948	98	32	3
9949	61	23	11
9950	98	15	8
9952	97	22	1
9956	43	54	2
9960	57	38	4
9961	76	22	19
9962	78	42	16
9963	56	8	2
9965	21	17	10
9966	105	23	4
9967	27	25	12
9968	92	20	6
9970	91	18	16
9972	67	43	17
9975	14	51	2
9976	73	41	12
9977	74	55	3
9978	18	51	6
9980	58	45	11
9981	104	24	2
9986	93	30	3
9990	111	22	1
9992	112	46	6
9994	50	17	11
9995	61	14	10
9997	8	28	8
9998	107	36	9
